           Mach 5.5   THROAT VELOCITY DISTRIBUTION, X=O, RC=  6.000000

          DERIVATIVES TAKEN WITH RESPECT TO X/Y*, WOP= 0.34136118

          WOPP=  2.8328436E-03     WOPPP= -7.6881686E-02

          Y/YO       U/A*          V/A*           W           MACH NO.

         0.0000    0.96385164    0.00000000    0.96385164    0.95708127
         0.0500    0.96401577   -0.00071638    0.96401603    0.95727442
         0.1000    0.96450872   -0.00142453    0.96450977    0.95785464
         0.1500    0.96533218   -0.00211614    0.96533450    0.95882420
         0.2000    0.96648905   -0.00278269    0.96649305    0.96018698
         0.2500    0.96798341   -0.00341543    0.96798943    0.96194847
         0.3000    0.96982065   -0.00400516    0.96982892    0.96411593
         0.3500    0.97200756   -0.00454220    0.97201817    0.96669850
         0.4000    0.97455242   -0.00501616    0.97456533    0.96970739
         0.4500    0.97746515   -0.00541581    0.97748016    0.97315605

         0.5000    0.98075749   -0.00572885    0.98077422    0.97706044
         0.5500    0.98444311   -0.00594164    0.98446104    0.98143928
         0.6000    0.98853789   -0.00603898    0.98855634    0.98631439
         0.6500    0.99306008   -0.00600372    0.99307823    0.99171105
         0.7000    0.99803057   -0.00581642    0.99804752    0.99765839
         0.7500    1.00347313   -0.00545488    1.00348795    1.00418993
         0.8000    1.00941470   -0.00489374    1.00942656    1.01134407
         0.8500    1.01588572   -0.00410381    1.01589400    1.01916472
         0.9000    1.02292039   -0.00305157    1.02292494    1.02770206
         0.9500    1.03055708   -0.00169844    1.03055848    1.03701332

         1.0000    1.03883866   -0.00000000    1.03883866    1.04716380
          FROM CUBIC, X/Y* = 0.10589172 FOR W= 1.0

                      X/Y* = 0.30916451 FOR W= 1.06914514

          CORRECTED WOPPP= -7.5023201E-02

          RMASS = Y*/YO = 0.9997135747


          AXIAL VELOCITY DISTRIBUTION, Y=0

          X/Y*         W                 WP                WPP               M                 MP                MPP

         0.000     9.6385164E-01     3.4136118E-01     2.8328436E-03     9.5708127E-01     4.0106175E-01     8.1394664E-02
         0.100     9.9798942E-01     3.4126935E-01    -4.6694765E-03     9.9758876E-01     4.0903018E-01     7.7921558E-02
         0.200     1.0320805E+00     3.4042728E-01    -1.2171797E-02     1.0388752E+00     4.1663426E-01     7.4093984E-02
         0.300     1.0660499E+00     3.3883499E-01    -1.9674117E-02     1.0809022E+00     4.2383427E-01     6.9825012E-02
       0.30913748  1.0691451E+00     3.3865208E-01    -2.0359640E-02     1.0847778E+00     4.2447041E-01     6.9409656E-02
         0.400     1.0998225E+00     3.3649246E-01    -2.7176437E-02     1.1236269E+00     4.3058135E-01     6.5018363E-02
         0.500     1.1333234E+00     3.3339970E-01    -3.4678757E-02     1.1670014E+00     4.3681650E-01     5.9567934E-02
         0.600     1.1664774E+00     3.2955671E-01    -4.2181077E-02     1.2109708E+00     4.4246962E-01     5.3357501E-02
         0.700     1.1992097E+00     3.2496349E-01    -4.9683397E-02     1.2554732E+00     4.4745846E-01     4.6260683E-02
         0.800     1.2314451E+00     3.1962003E-01    -5.7185717E-02     1.3004372E+00     4.5168768E-01     3.8141263E-02
         0.900     1.2631087E+00     3.1352634E-01    -6.4688038E-02     1.3457817E+00     4.5504780E-01     2.8854013E-02
         1.000     1.2941254E+00     3.0668242E-01    -7.2190358E-02     1.3914137E+00     4.5741446E-01     1.8246177E-02
1  Mach 5.5   INVISCID CONTOUR, 4TH-DEGAXIAL MACH NUMBER DISTRIBUTION FROM THROAT CHARACTERISTIC WHICH HAS  21 POINTS

     NO. OF POINTS ON 1ST CHAR. (M)= 41     NO. OF POINTS ON AXIS (N)= 21     EPSI/ETA= 0.00000    BMACH=  5.50000    CMACH=  5.50000

     GAMMA= 1.4000     INFLECTION ANG. (ETA)= 60.0000  DEGREES     RAD. OF CURV. (RC)=   6.000000     SCALE FACTOR (SF)=   0.13000000

     Y*=1.00000000    RMASS=0.99971357    WWO= 1.0388387    WWOP= 0.39255278    EMACH= 5.50000    FMACH= 5.5000000    GMACH=  0.00000

          WI=  1.06914514    WIP=  0.33865208    WIPP= -2.0359640E-02    MI=  1.08477784    MIP=  0.42447041    MIPP=  6.9409656E-02

          C1=  1.0847778   C2=  6.29011189   C3=  7.6209973E+00   C4= -1.6451442E+01   C5=  6.9555546E+00   C6=  0.0000000E+00

          XOI=  0.10589746   XI=  0.30913748   XO=  0.00000000   YO=  1.00028651   XIE= 14.81872896   XE= 15.12786644    0 ITERATIONS

          MACH 0.95708127 AT 53.7642732 IN.,   MACH 1 AT 53.7780399 IN.,   MACH 1.08477784 AT 53.8044611 IN.

  AXIS
 POINT    X       X(IN)   MACH NO.    DM/DX        D2M/DX2       D3M/DX3       W=Q/A*     DW/DX        D2W/DX2       D3W/DX3

   1  15.12787  55.73090  5.500000 -5.993621E-17 -3.235700E-17  2.096566E-02  2.269127 -3.507488E-18 -1.893543E-18  1.226918E-03
   2  13.82094  55.56100  5.492621  1.661719E-02 -2.444404E-02  1.644139E-02  2.268694  9.758104E-04 -1.443023E-03  9.990898E-04
   3  12.56792  55.39810  5.447574  5.901802E-02 -4.232784E-02  1.210371E-02  2.266021  3.539855E-03 -2.637253E-03  9.413183E-04
   4  11.36939  55.24229  5.343262  1.174494E-01 -5.434815E-02  7.954647E-03  2.259607  7.401999E-03 -3.840541E-03  1.107655E-03
   5  10.22597  55.09365  5.171705  1.839297E-01 -6.118068E-02  3.996379E-03  2.248336  1.259369E-02 -5.321094E-03  1.532630E-03
   6   9.13833  54.95226  4.934815  2.520933E-01 -6.347972E-02  2.312319E-04  2.231129  1.941519E-02 -7.357551E-03  2.279692E-03
   7   8.10721  54.81821  4.641250  3.170391E-01 -6.187785E-02 -3.338284E-03  2.206736  2.839733E-02 -1.026551E-02  3.453084E-03
   8   7.13339  54.69161  4.303813  3.751815E-01 -5.698549E-02 -6.709447E-03  2.173624  4.027664E-02 -1.441184E-02  5.182880E-03
   9   6.21772  54.57258  3.937341  4.241056E-01 -4.939058E-02 -9.879293E-03  2.129971  5.595058E-02 -2.018667E-02  7.567464E-03
  10   5.36114  54.46122  3.557055  4.624255E-01 -3.965823E-02 -1.284457E-02  2.073774  7.636121E-02 -2.789485E-02  1.054101E-02

  11   4.56470  54.35768  3.177321  4.896457E-01 -2.833032E-02 -1.560168E-02  2.003156  1.022497E-01 -3.753027E-02  1.364868E-02
  12   3.82955  54.26211  2.810778  5.060276E-01 -1.592529E-02 -1.814660E-02  1.916899  1.337554E-01 -4.845074E-02  1.580452E-02
  13   3.15700  54.17468  2.467797  5.124586E-01 -2.937871E-03 -2.047482E-02  1.815176  1.699440E-01 -5.911264E-02  1.528589E-02
  14   2.54855  54.09558  2.156235  5.103261E-01  1.016090E-02 -2.258115E-02  1.700289  2.085194E-01 -6.718505E-02  1.030382E-02
  15   2.00593  54.02504  1.881434  5.013962E-01  2.292339E-02 -2.445956E-02  1.577033  2.460683E-01 -7.029539E-02  1.192805E-04
  16   1.53123  53.96333  1.646445  4.876967E-01  3.492451E-02 -2.610289E-02  1.452358  2.789639E-01 -6.717318E-02 -1.409150E-02
  17   1.12697  53.91078  1.452435  4.714073E-01  4.575962E-02 -2.750233E-02  1.334292  3.045629E-01 -5.842900E-02 -2.958136E-02
  18   0.79641  53.86781  1.299276  4.547577E-01  5.503985E-02 -2.864665E-02  1.230623  3.220104E-01 -4.636984E-02 -4.344503E-02
  19   0.54400  53.83499  1.186319  4.399429E-01  6.238098E-02 -2.952045E-02  1.147989  3.322187E-01 -3.407647E-02 -5.386824E-02
  20   0.37658  53.81323  1.113563  4.290830E-01  6.737165E-02 -3.010000E-02  1.091936  3.371380E-01 -2.451090E-02 -6.032106E-02

  21   0.30914  53.80446  1.084778  4.244704E-01  6.940966E-02 -3.033349E-02  1.069145  3.386521E-01 -2.035964E-02 -6.275996E-02
   Mach 5.5   THROAT CHARACTERISTIC
             
        POINT        X              Y          MACH NO.      MACH ANG.(D)     PSI (D)     FLOW ANG.(D)        X(IN)         Y(IN)

          1    3.0913748E-01  0.0000000E+00  1.0847778E+00  6.7197722E+01  1.0529074E+00  0.0000000E+00    53.8044611     0.0000000
          2    2.8863695E-01  5.0014325E-02  1.0763292E+00  6.8292446E+01  9.0424997E-01  7.2383284E-02    53.8017960     0.0065019
          3    2.6915018E-01  1.0002865E-01  1.0688059E+00  6.9329122E+01  7.7756238E-01  1.3030526E-01    53.7992627     0.0130037
          4    2.5061592E-01  1.5004298E-01  1.0621631E+00  7.0300762E+01  6.7051186E-01  1.7551318E-01    53.7968533     0.0195056
          5    2.3296672E-01  2.0005730E-01  1.0563575E+00  7.1199985E+01  5.8093009E-01  2.0961900E-01    53.7945589     0.0260074
          6    2.1612891E-01  2.5007163E-01  1.0513476E+00  7.2019228E+01  5.0681641E-01  2.3409749E-01    53.7923700     0.0325093
          7    2.0002257E-01  3.0008595E-01  1.0470926E+00  7.2751043E+01  4.4634349E-01  2.5028227E-01    53.7902762     0.0390112
          8    1.8456192E-01  3.5010028E-01  1.0435525E+00  7.3388485E+01  3.9786423E-01  2.5936047E-01    53.7882663     0.0455130
          9    1.6965592E-01  4.0011460E-01  1.0406880E+00  7.3925570E+01  3.5991872E-01  2.6236744E-01    53.7863285     0.0520149
         10    1.5520939E-01  4.5012893E-01  1.0384604E+00  7.4357744E+01  3.3123977E-01  2.6018255E-01    53.7844504     0.0585168

         11    1.4112439E-01  5.0014325E-01  1.0368325E+00  7.4682308E+01  3.1075561E-01  2.5352757E-01    53.7826194     0.0650186
         12    1.2730198E-01  5.5015758E-01  1.0357685E+00  7.4898702E+01  2.9758870E-01  2.4296849E-01    53.7808225     0.0715205
         13    1.1364411E-01  6.0017190E-01  1.0352346E+00  7.5008590E+01  2.9105011E-01  2.2892116E-01    53.7790470     0.0780223
         14    1.0005542E-01  6.5018623E-01  1.0352002E+00  7.5015712E+01  2.9062972E-01  2.1166043E-01    53.7772804     0.0845242
         15    8.6444956E-02  7.0020056E-01  1.0356377E+00  7.4925531E+01  2.9598320E-01  1.9133212E-01    53.7755111     0.0910261
         16    7.2727323E-02  7.5021488E-01  1.0365238E+00  7.4744736E+01  3.0691718E-01  1.6796608E-01    53.7737278     0.0975279
         17    5.8823548E-02  8.0022921E-01  1.0378392E+00  7.4480709E+01  3.2337420E-01  1.4148933E-01    53.7719203     0.1040298
         18    4.4661389E-02  8.5024353E-01  1.0395689E+00  7.4141015E+01  3.4541889E-01  1.1173767E-01    53.7700792     0.1105317
         19    3.0175285E-02  9.0025786E-01  1.0417028E+00  7.3732991E+01  3.7322646E-01  7.8465045E-02    53.7681960     0.1170335
         20    1.5305988E-02  9.5027218E-01  1.0442348E+00  7.3263452E+01  4.0707408E-01  4.1350138E-02    53.7662630     0.1235354

         21    0.0000000E+00  1.0002865E+00  1.0471638E+00  7.2738506E+01  4.4733546E-01  0.0000000E+00    53.7642732     0.1300372
1  Mach 5.5   INVISCID CONTOUR

  CHARACT   1
        POINT        X              Y          MACH NO.     MACH ANG.(D)      PSI (D)      FLOW ANG.(D)       X(IN)         Y(IN)

          1    1.5127866E+01  0.0000000E+00  5.5000000E+00  1.0475682E+01  8.1244790E+01  0.0000000E+00    55.7308959     0.0000000
          2    1.5948848E+01  1.5179955E-01  5.5000000E+00  1.0475682E+01  8.1244790E+01  0.0000000E+00    55.8376235     0.0197339
          3    1.6769830E+01  3.0359909E-01  5.5000000E+00  1.0475682E+01  8.1244790E+01  0.0000000E+00    55.9443511     0.0394679
          4    1.7590811E+01  4.5539864E-01  5.5000000E+00  1.0475682E+01  8.1244790E+01  0.0000000E+00    56.0510787     0.0592018
          5    1.8411793E+01  6.0719818E-01  5.5000000E+00  1.0475682E+01  8.1244790E+01  0.0000000E+00    56.1578063     0.0789358
          6    1.9232774E+01  7.5899773E-01  5.5000000E+00  1.0475682E+01  8.1244790E+01  0.0000000E+00    56.2645339     0.0986697
          7    2.0053756E+01  9.1079727E-01  5.5000000E+00  1.0475682E+01  8.1244790E+01  0.0000000E+00    56.3712615     0.1184036
          8    2.0874737E+01  1.0625968E+00  5.5000000E+00  1.0475682E+01  8.1244790E+01  0.0000000E+00    56.4779891     0.1381376
          9    2.1695719E+01  1.2143964E+00  5.5000000E+00  1.0475682E+01  8.1244790E+01  0.0000000E+00    56.5847167     0.1578715
         10    2.2516701E+01  1.3661959E+00  5.5000000E+00  1.0475682E+01  8.1244790E+01  0.0000000E+00    56.6914443     0.1776055

         11    2.3337682E+01  1.5179955E+00  5.5000000E+00  1.0475682E+01  8.1244790E+01  0.0000000E+00    56.7981719     0.1973394
         12    2.4158664E+01  1.6697950E+00  5.5000000E+00  1.0475682E+01  8.1244790E+01  0.0000000E+00    56.9048995     0.2170733
         13    2.4979645E+01  1.8215945E+00  5.5000000E+00  1.0475682E+01  8.1244790E+01  0.0000000E+00    57.0116271     0.2368073
         14    2.5800627E+01  1.9733941E+00  5.5000000E+00  1.0475682E+01  8.1244790E+01  0.0000000E+00    57.1183547     0.2565412
         15    2.6621608E+01  2.1251936E+00  5.5000000E+00  1.0475682E+01  8.1244790E+01  0.0000000E+00    57.2250823     0.2762752
         16    2.7442590E+01  2.2769932E+00  5.5000000E+00  1.0475682E+01  8.1244790E+01  0.0000000E+00    57.3318099     0.2960091
         17    2.8263571E+01  2.4287927E+00  5.5000000E+00  1.0475682E+01  8.1244790E+01  0.0000000E+00    57.4385375     0.3157431
         18    2.9084553E+01  2.5805923E+00  5.5000000E+00  1.0475682E+01  8.1244790E+01  0.0000000E+00    57.5452651     0.3354770
         19    2.9905535E+01  2.7323918E+00  5.5000000E+00  1.0475682E+01  8.1244790E+01  0.0000000E+00    57.6519927     0.3552109
         20    3.0726516E+01  2.8841914E+00  5.5000000E+00  1.0475682E+01  8.1244790E+01  0.0000000E+00    57.7587203     0.3749449

         21    3.1547498E+01  3.0359909E+00  5.5000000E+00  1.0475682E+01  8.1244790E+01  0.0000000E+00    57.8654479     0.3946788
         22    3.2368479E+01  3.1877904E+00  5.5000000E+00  1.0475682E+01  8.1244790E+01  0.0000000E+00    57.9721755     0.4144128
         23    3.3189461E+01  3.3395900E+00  5.5000000E+00  1.0475682E+01  8.1244790E+01  0.0000000E+00    58.0789031     0.4341467
         24    3.4010442E+01  3.4913895E+00  5.5000000E+00  1.0475682E+01  8.1244790E+01  0.0000000E+00    58.1856307     0.4538806
         25    3.4831424E+01  3.6431891E+00  5.5000000E+00  1.0475682E+01  8.1244790E+01  0.0000000E+00    58.2923583     0.4736146
         26    3.5652406E+01  3.7949886E+00  5.5000000E+00  1.0475682E+01  8.1244790E+01  0.0000000E+00    58.3990859     0.4933485
         27    3.6473387E+01  3.9467882E+00  5.5000000E+00  1.0475682E+01  8.1244790E+01  0.0000000E+00    58.5058136     0.5130825
         28    3.7294369E+01  4.0985877E+00  5.5000000E+00  1.0475682E+01  8.1244790E+01  0.0000000E+00    58.6125412     0.5328164
         29    3.8115350E+01  4.2503873E+00  5.5000000E+00  1.0475682E+01  8.1244790E+01  0.0000000E+00    58.7192688     0.5525503
         30    3.8936332E+01  4.4021868E+00  5.5000000E+00  1.0475682E+01  8.1244790E+01  0.0000000E+00    58.8259964     0.5722843

         31    3.9757313E+01  4.5539864E+00  5.5000000E+00  1.0475682E+01  8.1244790E+01  0.0000000E+00    58.9327240     0.5920182
         32    4.0578295E+01  4.7057859E+00  5.5000000E+00  1.0475682E+01  8.1244790E+01  0.0000000E+00    59.0394516     0.6117522
         33    4.1399277E+01  4.8575854E+00  5.5000000E+00  1.0475682E+01  8.1244790E+01  0.0000000E+00    59.1461792     0.6314861
         34    4.2220258E+01  5.0093850E+00  5.5000000E+00  1.0475682E+01  8.1244790E+01  0.0000000E+00    59.2529068     0.6512200
         35    4.3041240E+01  5.1611845E+00  5.5000000E+00  1.0475682E+01  8.1244790E+01  0.0000000E+00    59.3596344     0.6709540
         36    4.3862221E+01  5.3129841E+00  5.5000000E+00  1.0475682E+01  8.1244790E+01  0.0000000E+00    59.4663620     0.6906879
         37    4.4683203E+01  5.4647836E+00  5.5000000E+00  1.0475682E+01  8.1244790E+01  0.0000000E+00    59.5730896     0.7104219
         38    4.5504184E+01  5.6165832E+00  5.5000000E+00  1.0475682E+01  8.1244790E+01  0.0000000E+00    59.6798172     0.7301558
         39    4.6325166E+01  5.7683827E+00  5.5000000E+00  1.0475682E+01  8.1244790E+01  0.0000000E+00    59.7865448     0.7498898
         40    4.7146147E+01  5.9201823E+00  5.5000000E+00  1.0475682E+01  8.1244790E+01  0.0000000E+00    59.8932724     0.7696237

         41    4.7967129E+01  6.0719818E+00  5.5000000E+00  1.0475682E+01  8.1244790E+01  0.0000000E+00    60.0000000     0.7893576
         MASS = 1.0000000000

   Mach 5.5   INTERMEDIATE LEFT CHARACTERISTIC

  CHARACT  11
        POINT        X              Y          MACH NO.     MACH ANG.(D)      PSI (D)      FLOW ANG.(D)       X(IN)         Y(IN)

          1    4.5646999E+00  0.0000000E+00  3.1773213E+00  1.8344547E+01  5.3063596E+01  0.0000000E+00    54.3576842     0.0000000
          2    4.9311627E+00  1.2355123E-01  3.3579058E+00  1.7325794E+01  5.6205876E+01  1.5912822E+00    54.4053244     0.0160617
          3    5.2646684E+00  2.3963917E-01  3.5226081E+00  1.6491947E+01  5.8888029E+01  2.9744266E+00    54.4486801     0.0311531
          4    5.5689582E+00  3.4866181E-01  3.6700522E+00  1.5811638E+01  6.1150829E+01  4.1449655E+00    54.4882378     0.0453260
          5    5.8515946E+00  4.5244008E-01  3.8005926E+00  1.5255086E+01  6.3052223E+01  5.1121673E+00    54.5249805     0.0588172
          6    6.1227965E+00  5.5398666E-01  3.9156633E+00  1.4796374E+01  6.4653507E+01  5.8910187E+00    54.5602368     0.0720183
          7    6.3945162E+00  6.5720001E-01  4.0171040E+00  1.4414533E+01  6.6010038E+01  6.4966962E+00    54.5955603     0.0854360
          8    6.6797040E+00  7.6652108E-01  4.1065859E+00  1.4093872E+01  6.7165792E+01  6.9415204E+00    54.6326347     0.0996477
          9    6.9913175E+00  8.8643218E-01  4.1852341E+00  1.3823707E+01  6.8151289E+01  7.2350610E+00    54.6731445     0.1152362
         10    7.3401790E+00  1.0205035E+00  4.2535753E+00  1.3597302E+01  6.8985425E+01  7.3885441E+00    54.7184965     0.1326655

         11    7.7303185E+00  1.1695629E+00  4.3120170E+00  1.3409550E+01  6.9682866E+01  7.4249435E+00    54.7692146     0.1520432
         12    8.2423593E+00  1.3632284E+00  4.3711014E+00  1.3224979E+01  7.0373529E+01  7.3758622E+00    54.8357799     0.1772197
         13    8.7663376E+00  1.5589479E+00  4.4188298E+00  1.3079585E+01  7.0921107E+01  7.2833254E+00    54.9038971     0.2026632
         14    9.2984387E+00  1.7552393E+00  4.4585444E+00  1.2961040E+01  7.1369858E+01  7.1737920E+00    54.9730702     0.2281811
         15    9.8369501E+00  1.9515379E+00  4.4923676E+00  1.2861776E+01  7.1747198E+01  7.0589417E+00    55.0430767     0.2536999
         16    1.0380887E+01  2.1475929E+00  4.5217085E+00  1.2776901E+01  7.2070982E+01  6.9443128E+00    55.1137886     0.2791871
         17    1.0929599E+01  2.3432879E+00  4.5475411E+00  1.2703104E+01  7.2353359E+01  6.8325763E+00    55.1851211     0.3046274
         18    1.1482611E+01  2.5385703E+00  4.5705625E+00  1.2638059E+01  7.2602906E+01  6.7249761E+00    55.2570126     0.3300141
         19    1.2039557E+01  2.7334202E+00  4.5912868E+00  1.2580076E+01  7.2825878E+01  6.6220189E+00    55.3294156     0.3553446
         20    1.2600139E+01  2.9278344E+00  4.6101022E+00  1.2527896E+01  7.3026952E+01  6.5238226E+00    55.4022913     0.3806185

         21    1.3164109E+01  3.1218191E+00  4.6273090E+00  1.2480559E+01  7.3209709E+01  6.4303009E+00    55.4756073     0.4058365
         22    1.3731253E+01  3.3153850E+00  4.6431432E+00  1.2437314E+01  7.3376948E+01  6.3412628E+00    55.5493361     0.4310001
         23    1.4301385E+01  3.5085454E+00  4.6577938E+00  1.2397571E+01  7.3530887E+01  6.2564690E+00    55.6234533     0.4561109
         24    1.4874342E+01  3.7013145E+00  4.6714142E+00  1.2360851E+01  7.3673317E+01  6.1756618E+00    55.6979377     0.4811709
         25    1.5449978E+01  3.8937066E+00  4.6841303E+00  1.2326767E+01  7.3805701E+01  6.0985833E+00    55.7727704     0.5061819
         26    1.6028160E+01  4.0857360E+00  4.6960468E+00  1.2294997E+01  7.3929246E+01  6.0249839E+00    55.8479340     0.5311457
         27    1.6608769E+01  4.2774165E+00  4.7072517E+00  1.2265274E+01  7.4044962E+01  5.9546276E+00    55.9234132     0.5560641
         28    1.7191697E+01  4.4687612E+00  4.7178195E+00  1.2237374E+01  7.4153698E+01  5.8872938E+00    55.9991938     0.5809390
         29    1.7776844E+01  4.6597825E+00  4.7278138E+00  1.2211106E+01  7.4256179E+01  5.8227781E+00    56.0752629     0.6057717
         30    1.8364118E+01  4.8504923E+00  4.7372894E+00  1.2186306E+01  7.4353024E+01  5.7608920E+00    56.1516085     0.6305640

         31    1.8953435E+01  5.0409018E+00  4.7462937E+00  1.2162833E+01  7.4444767E+01  5.7014619E+00    56.2282197     0.6553172
         32    1.9544716E+01  5.2310215E+00  4.7548680E+00  1.2140565E+01  7.4531873E+01  5.6443284E+00    56.3050862     0.6800328
         33    2.0137888E+01  5.4208613E+00  4.7630487E+00  1.2119397E+01  7.4614746E+01  5.5893452E+00    56.3821987     0.7047120
         34    2.0732884E+01  5.6104305E+00  4.7708676E+00  1.2099233E+01  7.4693744E+01  5.5363779E+00    56.4595482     0.7293560
         35    2.1329640E+01  5.7997380E+00  4.7783531E+00  1.2079993E+01  7.4769179E+01  5.4853031E+00    56.5371265     0.7539659
         36    2.1928098E+01  5.9887922E+00  4.7855304E+00  1.2061603E+01  7.4841332E+01  5.4360073E+00    56.6149259     0.7785430
    CONTOUR    1.9337806E+01  5.1644919E+00  4.7518676E+00

   Mach 5.5   INTERMEDIATE LEFT CHARACTERISTIC

  CHARACT  21
        POINT        X              Y          MACH NO.     MACH ANG.(D)      PSI (D)      FLOW ANG.(D)       X(IN)         Y(IN)

          1    3.0913748E-01  0.0000000E+00  1.0847778E+00  6.7197722E+01  1.0529074E+00  0.0000000E+00    53.8044611     0.0000000
          2    3.4146115E-01  7.4108765E-02  1.0990812E+00  6.5484757E+01  1.3185747E+00  1.3760436E-01    53.8086632     0.0096341
          3    4.1307056E-01  2.2150988E-01  1.1344433E+00  6.1822581E+01  2.0395082E+00  5.4304607E-01    53.8179724     0.0287963
          4    5.0670379E-01  3.8784576E-01  1.1870686E+00  5.7395627E+01  3.2434722E+00  1.2762293E+00    53.8301447     0.0504199
          5    6.1211270E-01  5.5039840E-01  1.2541901E+00  5.2875631E+01  4.9398736E+00  2.3714464E+00    53.8438479     0.0715518
          6    7.2081575E-01  6.9940369E-01  1.3326559E+00  4.8623413E+01  7.0736997E+00  3.8116887E+00    53.8579793     0.0909225
          7    8.2496095E-01  8.2994750E-01  1.4185659E+00  4.4824477E+01  9.5234557E+00  5.5287313E+00    53.8715181     0.1078932
          8    9.1783559E-01  9.3936313E-01  1.5073916E+00  4.1559513E+01  1.2123001E+01  7.4169926E+00    53.8835918     0.1221172
          9    9.9484424E-01  1.0266807E+00  1.5945124E+00  3.8840239E+01  1.4698014E+01  9.3566995E+00    53.8936030     0.1334685
         10    1.0541999E+00  1.0926813E+00  1.6759653E+00  3.6631850E+01  1.7103225E+01  1.1238733E+01    53.9013192     0.1420486

         11    1.0968951E+00  1.1398700E+00  1.7490951E+00  3.4870547E+01  1.9246804E+01  1.2982864E+01    53.9068696     0.1481831
         12    1.1259846E+00  1.1721074E+00  1.8128534E+00  3.3477987E+01  2.1096174E+01  1.4545040E+01    53.9106512     0.1523740
    CONTOUR    1.0605622E+00  1.0997132E+00  1.6868628E+00

   Mach 5.5   INTERMEDIATE LEFT CHARACTERISTIC

  CHARACT  31
        POINT        X              Y          MACH NO.     MACH ANG.(D)      PSI (D)      FLOW ANG.(D)       X(IN)         Y(IN)

         11    1.4112439E-01  5.0014325E-01  1.0368325E+00  7.4682308E+01  3.1075561E-01  2.5352757E-01    53.7826194     0.0650186
         12    1.5749039E-01  5.5683390E-01  1.0495788E+00  7.2319173E+01  4.8139282E-01  3.9005099E-01    53.7847470     0.0723884
         13    1.9740133E-01  6.7141075E-01  1.0813544E+00  6.7633120E+01  9.9189062E-01  7.9374221E-01    53.7899354     0.0872834
         14    2.5460991E-01  8.0208417E-01  1.1289097E+00  6.2351424E+01  1.9213464E+00  1.5251079E+00    53.7973725     0.1042709
         15    3.2261827E-01  9.2987699E-01  1.1897679E+00  5.7192963E+01  3.3086318E+00  2.6191966E+00    53.8062136     0.1208840
         16    3.9428730E-01  1.0456781E+00  1.2609579E+00  5.2471264E+01  5.1185004E+00  4.0585031E+00    53.8155306     0.1359382
         17    4.6258398E-01  1.1445070E+00  1.3387280E+00  4.8329252E+01  7.2436852E+00  5.7730251E+00    53.8244091     0.1487859
    CONTOUR    3.7356155E-01  1.0121899E+00  1.2403706E+00

   Mach 5.5      UPSTREAM CONTOUR, SMOOTHED   50 TIMES WITH FACTOR=0.85

                                   X           Y-CALC       Y-IN          DIFF

                         1      0.0000000    1.0002865    1.0002865    0.0000000       1
                         2      0.0320668    1.0003730    1.0003596    0.0000134       2
                         3      0.0643662    1.0006243    1.0006352   -0.0000109       3
                         4      0.0988744    1.0010783    1.0011322   -0.0000539       4
                         5      0.1330754    1.0017243    1.0018535   -0.0001292       5
                         6      0.1691312    1.0026253    1.0025123    0.0001130       6
                         7      0.2068460    1.0038162    1.0037539    0.0000623       7
                         8      0.2451247    1.0052822    1.0052930   -0.0000108       8
                         9      0.2853668    1.0070990    1.0071221   -0.0000231       9
                        10      0.3286450    1.0093565    1.0094088   -0.0000523      10

                        11      0.3735615    1.0120274    1.0121899   -0.0001625      11
                        12      0.4204415    1.0151669    1.0154623   -0.0002954      12
                        13      0.4717104    1.0190198    1.0187356    0.0002842      13
                        14      0.5264683    1.0236360    1.0235130    0.0001230      14
                        15      0.5846211    1.0291282    1.0291946   -0.0000664      15
                        16      0.6485366    1.0359092    1.0360238   -0.0001146      16
                        17      0.7173415    1.0441222    1.0443694   -0.0002472      17
                        18      0.7915158    1.0541026    1.0538079    0.0002947      18
                        19      0.8732125    1.0664334    1.0661111    0.0003223      19
                        20      0.9624968    1.0814692    1.0811756    0.0002936      20

                        21      1.0605622    1.0996630    1.0997132   -0.0000501      21
                        22      1.2265888    1.1337046    1.1377018   -0.0039972      22
                        23      1.6627715    1.2395918    1.2827704   -0.0431786      23
                        24      2.3628000    1.4446999    1.5516738   -0.1069739      24
                        25      3.3550613    1.7708389    1.9263278   -0.1554890      25
                        26      4.7084159    2.2437003    2.3962530   -0.1525528      26
                        27      6.5102077    2.8456981    2.9429095   -0.0972115      27
                        28      8.8475484    3.5110474    3.5364459   -0.0253985      28
                        29     11.7809313    4.1704463    4.1353702    0.0350761      29
                        30     15.3089462    4.7350891    4.6922698    0.0428192      30

                        31     19.3378055    5.1896456    5.1644919    0.0251537      31
                        32     23.6722092    5.5261063    5.5261063    0.0000000      32
                        33     28.0472046    5.7741906    5.7741906    0.0000000      33
                        34     32.1876318    5.9258557    5.9258557    0.0000000      34
                        35     35.8779664    6.0081668    6.0081668    0.0000000      35
                        36     39.0027412    6.0476343    6.0476343    0.0000000      36
                        37     41.5506933    6.0641523    6.0641523    0.0000000      37
                        38     43.5901697    6.0700116    6.0700116    0.0000000      38
                        39     45.2390060    6.0716537    6.0716537    0.0000000      39
                        40     46.6440180    6.0719591    6.0719591    0.0000000      40

                        41     47.9671291    6.0719818    6.0719818    0.0000000      41
                           MAX. ABSOLUTE ERROR =   0.155489     AT POINT    25

   Mach 5.5   INTERMEDIATE RIGHT CHARACTERISTIC

         LAST
        POINT        X              Y          MACH NO.      MACH ANG.(D)     PSI (D)     FLOW ANG.(D)        X(IN)         Y(IN)

          1    1.5127866E+01  0.0000000E+00  5.5000000E+00  1.0475682E+01  8.1244790E+01  0.0000000E+00    55.7308959     0.0000000
          2    1.4473782E+01  1.2089334E-01  5.4976654E+00  1.0480181E+01  8.1226126E+01  1.2439470E-02    55.6458649     0.0157161
          3    1.3838644E+01  2.3790937E-01  5.4832130E+00  1.0508117E+01  8.1110290E+01  9.7978091E-02    55.5632969     0.0309282
          4    1.3207126E+01  3.5314389E-01  5.4484646E+00  1.0575903E+01  8.0829670E+01  3.0381012E-01    55.4811997     0.0459087
          5    1.2561058E+01  4.6883752E-01  5.3877160E+00  1.0696548E+01  8.0331804E+01  6.6364091E-01    55.3972108     0.0609489
          6    1.1883001E+01  5.8663375E-01  5.2964852E+00  1.0883022E+01  7.9566258E+01  1.2053061E+00    55.3090634     0.0762624
          7    1.1158653E+01  7.0702539E-01  5.1711422E+00  1.1150154E+01  7.8478059E+01  1.9548307E+00    55.2148981     0.0919133
          8    1.0378893E+01  8.2895552E-01  5.0092158E+00  1.1515443E+01  7.7006313E+01  2.9366682E+00    55.1135294     0.1077642
          9    9.5417004E+00  9.4965260E-01  4.8101082E+00  1.1999053E+01  7.5087108E+01  4.1710643E+00    55.0046943     0.1234548
         10    8.6536448E+00  1.0648562E+00  4.5759144E+00  1.2623034E+01  7.2660639E+01  5.6689784E+00    54.8892471     0.1384313

         11    7.7303185E+00  1.1695629E+00  4.3120170E+00  1.3409550E+01  6.9682866E+01  7.4249435E+00    54.7692146     0.1520432
         12    6.7950462E+00  1.2592441E+00  4.0271385E+00  1.4377841E+01  6.6141518E+01  9.4088717E+00    54.6476292     0.1637017
         13    5.8756891E+00  1.3311966E+00  3.7326509E+00  1.5539706E+01  6.2074187E+01  1.1559195E+01    54.5281128     0.1730556
         14    5.0001741E+00  1.3854621E+00  3.4411859E+00  1.6893730E+01  5.7583159E+01  1.3781206E+01    54.4142959     0.1801101
         15    4.1921596E+00  1.4248207E+00  3.1648992E+00  1.8419130E+01  5.2839294E+01  1.5954450E+01    54.3092540     0.1852267
         16    3.4683829E+00  1.4537974E+00  2.9139421E+00  2.0070597E+01  4.8069138E+01  1.7950056E+01    54.2151630     0.1889937
         17    2.8385817E+00  1.4771239E+00  2.6956393E+00  2.1775422E+01  4.3526980E+01  1.9653675E+01    54.1332888     0.1920261
         18    2.3080228E+00  1.4982874E+00  2.5146061E+00  2.3433011E+01  3.9463538E+01  2.0986248E+01    54.0643162     0.1947774
         19    1.8826880E+00  1.5185117E+00  2.3738674E+00  2.4913753E+01  3.6111074E+01  2.1916022E+01    54.0090227     0.1974065
1  Mach 5.5   INVISCID CONTOUR

  RC=   6.000000   ETAD= 60.0000 DEG   AMACH= 5.5000000   BMACH= 5.5000000   CMACH= 5.5000000   EMACH= 5.5000000   GMACH=  0.0000000

         WALL
        POINT        X              Y          MACH NO.      FLOW ANG.(D)     WALTAN         SECDIF

          1    0.0000000E+00  1.0002865E+00  1.0471638E+00  0.0000000E+00  0.0000000E+00  1.6661893E-01
          2    3.2066817E-02  1.0003730E+00  1.0630534E+00  2.9961827E-01  5.2293729E-03  1.6125061E-01
          3    6.4366198E-02  1.0006243E+00  1.0787724E+00  5.9460777E-01  1.0378236E-02  1.6160017E-01
          4    9.8874421E-02  1.0010783E+00  1.0964879E+00  9.1868755E-01  1.6035497E-02  1.6711568E-01
          5    1.3307542E-01  1.0017243E+00  1.1132676E+00  1.2522108E+00  2.1858681E-02  1.7310798E-01
          6    1.6913120E-01  1.0026253E+00  1.1318679E+00  1.6157905E+00  2.8208342E-02  1.7690895E-01
          7    2.0684603E-01  1.0038162E+00  1.1516601E+00  1.9995031E+00  3.4912086E-02  1.7672166E-01
          8    2.4512468E-01  1.0052822E+00  1.1710699E+00  2.3842398E+00  4.1636871E-02  1.7351191E-01
          9    2.8536679E-01  1.0070990E+00  1.1921551E+00  2.7782495E+00  4.8527641E-02  1.6908434E-01
         10    3.2864498E-01  1.0093565E+00  1.2161735E+00  3.1906685E+00  5.5745308E-02  1.6567985E-01

         11    3.7356155E-01  1.0120274E+00  1.2403706E+00  3.6126360E+00  6.3136083E-02  1.6482499E-01
         12    4.2044150E-01  1.0151669E+00  1.2649118E+00  4.0541615E+00  7.0876794E-02  1.6729331E-01
         13    4.7171041E-01  1.0190198E+00  1.2950935E+00  4.5497657E+00  7.9575721E-02  1.7279926E-01
         14    5.2646833E-01  1.0236360E+00  1.3267125E+00  5.0984704E+00  8.9220713E-02  1.8056025E-01
         15    5.8462115E-01  1.0291282E+00  1.3593611E+00  5.7102451E+00  9.9993865E-02  1.9011050E-01
         16    6.4853658E-01  1.0359092E+00  1.3996580E+00  6.4179884E+00  1.1248589E-01  2.0063291E-01
         17    7.1734148E-01  1.0441222E+00  1.4422749E+00  7.2194677E+00  1.2667459E-01  2.0866467E-01
         18    7.9151581E-01  1.0541026E+00  1.4900342E+00  8.1015077E+00  1.4234792E-01  2.0938433E-01
         19    8.7321247E-01  1.0664334E+00  1.5459116E+00  9.0501157E+00  1.5928119E-01  2.0072633E-01
         20    9.6249677E-01  1.0814692E+00  1.6108429E+00  1.0013192E+01  1.7656439E-01  1.8008640E-01

         21    1.0605622E+00  1.0996630E+00  1.6868628E+00  1.0911167E+01  1.9277179E-01  1.5459287E-01
         22    1.2265888E+00  1.1337046E+00  1.8420034E+00  1.2157797E+01  2.1543676E-01  1.2833769E-01
         23    1.6627715E+00  1.2395918E+00  2.2315356E+00  1.4683958E+01  2.6204585E-01  9.0904821E-02
         24    2.3628000E+00  1.4446999E+00  2.5366870E+00  1.7106282E+01  3.0776019E-01  5.0665924E-02
         25    3.3550613E+00  1.7708389E+00  2.8514672E+00  1.8646781E+01  3.3744638E-01  1.8948093E-02
         26    4.7084159E+00  2.2437003E+00  3.1787967E+00  1.8923845E+01  3.4284155E-01 -4.9263776E-03
         27    6.5102077E+00  2.8456981E+00  3.5135638E+00  1.7358452E+01  3.1258482E-01 -1.9627825E-02
         28    8.8475484E+00  3.5110474E+00  3.8494953E+00  1.4472804E+01  2.5811124E-01 -2.2451472E-02
         29    1.1780931E+01  4.1704463E+00  4.1763265E+00  1.1056153E+01  1.9539759E-01 -1.9059319E-02
         30    1.5308946E+01  4.7350891E+00  4.4814096E+00  7.8571965E+00  1.3800010E-01 -1.3555860E-02

         31    1.9337806E+01  5.1896456E+00  4.7518676E+00  5.4761162E+00  9.5868350E-02 -8.6044569E-03
         32    2.3672209E+01  5.5261063E+00  4.9780185E+00  3.8452987E+00  6.7214068E-02 -5.6895216E-03
         33    2.8047205E+01  5.7741906E+00  5.1554176E+00  2.6561148E+00  4.6391187E-02 -4.4653152E-03
         34    3.2187632E+01  5.9258557E+00  5.2858702E+00  1.6643007E+00  2.9055700E-02 -3.6909436E-03
         35    3.5877966E+01  6.0081668E+00  5.3758162E+00  9.7772139E-01  1.7066114E-02 -2.8451244E-03
         36    3.9002741E+01  6.0476343E+00  5.4339862E+00  5.2963442E-01  9.2441278E-03 -2.1547657E-03
         37    4.1550693E+01  6.0641523E+00  5.4690092E+00  2.5655911E-01  4.4778312E-03 -1.5513814E-03
         38    4.3590170E+01  6.0700116E+00  5.4881270E+00  1.0513785E-01  1.8350037E-03 -1.0016639E-03
         39    4.5239006E+01  6.0716537E+00  5.4969284E+00  3.2977222E-02  5.7556117E-04 -5.2868999E-04
         40    4.6644018E+01  6.0719591E+00  5.4997153E+00  6.5474155E-03  1.1427396E-04 -2.0370979E-04

         41    4.7967129E+01  6.0719818E+00  5.5000000E+00  0.0000000E+00  0.0000000E+00  0.0000000E+00

1  Mach 5.5   INVISCID CONTOUR

  RC=   6.000000   ETAD= 60.0000 DEG   AMACH= 5.5000000   BMACH= 5.5000000   CMACH= 5.5000000   EMACH= 5.5000000   GMACH=  0.0000000

          POINT X/YO        Y/YO       INT.Y/YO       PAR/YO       HYP/YO       C(Y)           C(YI)          C(YP)

            1    0.0000000    1.0000000    1.0119487    1.0000000    1.0000000
            2    0.0320576    1.0000865    1.0120377    1.0000856    1.0000856  -2.616334E-02  -3.627835E+02   3.683522E-02
            3    0.0643478    1.0003377    1.0123019    1.0003451    1.0003450   2.767315E-02  -4.487625E+01   2.788550E-02
            4    0.0988461    1.0007915    1.0127820    1.0008142    1.0008139   2.349416E-02  -1.239186E+01   1.497198E-02
            5    0.1330373    1.0014374    1.0134563    1.0014749    1.0014738   1.593509E-02  -5.088462E+00   5.917550E-03
            6    0.1690828    1.0023381    1.0143769    1.0023824    1.0023796   9.165132E-03  -2.481323E+00  -3.251099E-04
            7    0.2067868    1.0035287    1.0155816    1.0035634    1.0035571   3.927851E-03  -1.359159E+00  -3.489347E-03
            8    0.2450545    1.0049942    1.0170476    1.0050043    1.0049918   6.847499E-04  -8.183860E-01  -4.409865E-03
            9    0.2852851    1.0068105    1.0188485    1.0067823    1.0067595  -1.216132E-03  -5.196783E-01  -4.014257E-03
           10    0.3285508    1.0090674    1.0211047    1.0089955    1.0089554  -2.028322E-03  -3.414352E-01  -3.047315E-03

           11    0.3734545    1.0117375    1.0237943    1.0116224    1.0115556  -2.211156E-03  -2.336940E-01  -2.135869E-03
           12    0.4203211    1.0148762    1.0269448    1.0147225    1.0146157  -2.069400E-03  -1.645920E-01  -1.553334E-03
           13    0.4715753    1.0187279    1.0308284    1.0185319    1.0183633  -1.868643E-03  -1.172537E-01  -1.468693E-03
           14    0.5263175    1.0233428    1.0355248    1.0230842    1.0228237  -1.774024E-03  -8.532904E-02  -1.806339E-03
           15    0.5844537    1.0288334    1.0410824    1.0284655    1.0280715  -1.842816E-03  -6.319774E-02  -2.522463E-03
           16    0.6483508    1.0356125    1.0479097    1.0350299    1.0344369  -2.137751E-03  -4.725849E-02  -3.510827E-03
           17    0.7171360    1.0438232    1.0561493    1.0428570    1.0419760  -2.619692E-03  -3.604094E-02  -4.635521E-03
           18    0.7912891    1.0538007    1.0660494    1.0521782    1.0508836  -3.274726E-03  -2.799681E-02  -5.571934E-03
           19    0.8729624    1.0661279    1.0782645    1.0635053    1.0616075  -3.942332E-03  -2.218596E-02  -6.030761E-03
           20    0.9622211    1.0811595    1.0933101    1.0771558    1.0743889  -4.494013E-03  -1.813271E-02  -5.830271E-03

           21    1.0602584    1.0993481    1.1120394    1.0936790    1.0896596  -4.756371E-03  -1.540448E-02  -4.762734E-03
           22    1.2262375    1.1333799    1.1503061    1.1253049    1.1183066  -4.379467E-03  -1.355934E-02  -2.452651E-03
           23    1.6622953    1.2392367    1.2888200    1.2302688    1.2085270  -1.952397E-03  -1.274709E-02   1.809885E-03
           24    2.3621232    1.4442861    1.5555184    1.4649688    1.3892220   1.569278E-03  -6.870347E-03   5.133380E-03
           25    3.3541003    1.7703317    1.9321118    1.9374991    1.6955819   4.430201E-03   1.427720E-04   6.565054E-03
           26    4.7070673    2.2430576    2.4009583    2.8463736    2.1662749   5.784870E-03   4.270845E-03   6.644702E-03
           27    6.5083430    2.8448830    2.9475006    4.5298774    2.8389707   6.112054E-03   5.739824E-03   6.076218E-03
           28    8.8450143    3.5100418    3.5405100    7.5195231    3.7468715   5.794188E-03   5.750158E-03   5.181266E-03
           29   11.7775569    4.1692518    4.1377995   12.5592373    4.9110564   5.135652E-03   5.154904E-03   4.247513E-03
           30   15.3045613    4.7337328    4.6944152   20.5191331    6.3275798   4.403449E-03   4.414417E-03   3.433611E-03

           31   19.3322667    5.1881592    5.1648904   32.1447113    7.9554650   3.730921E-03   3.734141E-03   2.788217E-03
           32   23.6654289    5.5245234    5.5262595   47.6710437    9.7129855   3.179938E-03   3.179807E-03   2.307536E-03
           33   28.0391711    5.7725367    5.7734520   66.5162598   11.4905404   2.755535E-03   2.755493E-03   1.961686E-03
           34   32.1784125    5.9241584    5.9248938   87.2875191   13.1747880   2.441940E-03   2.441918E-03   1.717132E-03
           35   35.8676900    6.0064459    6.0069232  108.2075988   14.6770296   2.214856E-03   2.214846E-03   1.544481E-03
           36   38.9915698    6.0459022    6.0462181  127.6952099   15.9496213   2.052095E-03   2.052090E-03   1.422783E-03
           37   41.5387921    6.0624154    6.0626341  144.7892709   16.9875997   1.935526E-03   1.935523E-03   1.336573E-03
           38   43.5776844    6.0682730    6.0683866  159.2512150   17.8185979   1.851049E-03   1.851048E-03   1.274540E-03
           39   45.2260484    6.0699146    6.0699675  171.4496209   18.4905176   1.787789E-03   1.787789E-03   1.228303E-03
           40   46.6306580    6.0702199    6.0702511  182.2015220   19.0631331   1.737088E-03   1.737088E-03   1.191378E-03

           41   47.9533901    6.0702426    6.0702426  192.6273016   19.6024132   1.691818E-03   1.691818E-03   1.158532E-03
          ICY =   -362757308
   Mach 5.5  BOUNDARY LAYER CALCULATIONS, STAGNATION PRESSURE= 120.PSI, STAGNATION TEMPERATURE=1000. DEG R, N BASED ON RE,DELTA


      PARABOLIC TEMPERATURE DISTRIBUTION      MODIF. SPALDING-CHI REFERENCE TEMP      VAN DRIEST REFERENCE REYNOLDS NUMBER

      TW    TE    TAW    TP    RE/IN    RTHI    FRD     KCF1    KCF     RCFS     H      HI     FMY     KTHP THETA-1  DELTA  DELTA*-1

   1 540.0 820.1  981.3 625.6  1435831   1185 1.35708 4.00546 5.25120 5.25120  0.5969 1.3951 4.36106 0.00000 0.000602 0.0044 0.000359
    X= 53.764,   DSU= 0.00036,   THU=0.0006082,   CTH=0.0006035,   HU=  0.595431,   H=  0.596879,   CH=  0.596321,   N= 5.06215
   2 540.0 815.6  980.8 624.3  1439309   1184 1.35191 4.00665 5.23466 5.23473  0.6053 1.3950 4.31629 0.01855 0.000602 0.0044 0.000364
    X= 53.768,   DSU= 0.00037,   THU=0.0006082,   CTH=0.0006035,   HU=  0.603875,   H=  0.605333,   CH=  0.604779,   N= 5.06361
   3 540.0 811.2  980.4 623.0  1442279   1182 1.34677 4.00805 5.21846 5.21874  0.6138 1.3949 4.27007 0.03788 0.000602 0.0044 0.000370
    X= 53.773,   DSU= 0.00037,   THU=0.0006084,   CTH=0.0006036,   HU=  0.612357,   H=  0.613824,   CH=  0.613274,   N= 5.06500
   4 540.0 806.2  979.8 621.6  1445075   1179 1.34093 4.00981 5.20027 5.20094  0.6235 1.3947 4.15782 0.09543 0.000602 0.0044 0.000376
   5 540.0 801.4  979.3 620.2  1447197   1177 1.33536 4.01141 5.18280 5.18404  0.6329 1.3946 4.04843 0.15063 0.000603 0.0044 0.000382
   6 540.0 796.0  978.8 618.7  1448967   1175 1.32914 4.01344 5.16363 5.16569  0.6434 1.3945 4.05051 0.13729 0.000604 0.0045 0.000388
   7 540.0 790.3  978.2 617.1  1450195   1171 1.32249 4.01603 5.14359 5.14673  0.6548 1.3944 3.88628 0.22386 0.000605 0.0045 0.000396
   8 540.0 784.8  977.6 615.5  1450762   1169 1.31591 4.01821 5.12331 5.12775  0.6662 1.3943 3.75790 0.28704 0.000606 0.0045 0.000404
   9 540.0 778.7  977.0 613.7  1450687   1165 1.30873 4.02100 5.10163 5.10763  0.6788 1.3941 3.77557 0.26066 0.000607 0.0045 0.000412
  10 540.0 771.7  976.3 611.7  1449754   1160 1.30049 4.02508 5.07783 5.08571  0.6934 1.3940 3.66691 0.31013 0.000609 0.0045 0.000422
    X= 53.807,   DSU= 0.00043,   THU=0.0006153,   CTH=0.0006103,   HU=  0.691800,   H=  0.693364,   CH=  0.692870,   N= 5.07634
  11 540.0 764.7  975.5 609.7  1447938   1155 1.29214 4.02888 5.05322 5.06328  0.7084 1.3938 3.42724 0.43746 0.000611 0.0046 0.000433
  12 540.0 757.6  974.8 607.6  1445235   1151 1.28362 4.03248 5.02773 5.04034  0.7239 1.3937 3.40875 0.42783 0.000614 0.0046 0.000444
  13 540.0 748.8  973.9 605.0  1440781   1143 1.27307 4.03872 4.99832 5.01412  0.7434 1.3935 3.36620 0.43144 0.000617 0.0047 0.000458
  14 540.0 739.6  972.9 602.4  1434850   1135 1.26196 4.04551 4.96746 4.98720  0.7643 1.3934 3.12348 0.55697 0.000620 0.0047 0.000474
  15 540.0 730.2  971.9 599.6  1427453   1127 1.25042 4.05215 4.93480 4.95941  0.7864 1.3932 3.05207 0.57377 0.000624 0.0048 0.000491
  16 540.0 718.5  970.7 596.1  1416670   1114 1.23609 4.06274 4.89692 4.92780  0.8145 1.3930 2.94687 0.60944 0.000629 0.0048 0.000513
  17 540.0 706.2  969.4 592.4  1403446   1100 1.22087 4.07446 4.85696 4.89577  0.8450 1.3929 2.75159 0.70031 0.000635 0.0049 0.000537
  18 540.0 692.5  968.0 588.3  1386629   1084 1.20375 4.08856 4.81272 4.86123  0.8804 1.3927 2.60346 0.75859 0.000642 0.0050 0.000565
  19 540.0 676.6  966.4 583.5  1364593   1063 1.18365 4.10728 4.76282 4.82286  0.9232 1.3926 2.41422 0.84058 0.000651 0.0051 0.000601
  20 540.0 658.3  964.5 577.9  1336266   1037 1.16026 4.13111 4.70630 4.77909  0.9749 1.3924 2.15229 0.96664 0.000661 0.0052 0.000645
    X= 53.889,   DSU= 0.00065,   THU=0.0006687,   CTH=0.0006626,   HU=  0.973033,   H=  0.974948,   CH=  0.974891,   N= 5.09665
  21 540.0 637.3  962.3 571.4  1300083   1005 1.13290 4.16120 4.64149 4.72695  1.0382 1.3923 1.81573 1.13876 0.000675 0.0054 0.000700
  22 540.0 595.7  958.0 558.2  1219239    936 1.07746 4.23171 4.51616 4.61978  1.1763 1.3921 0.96432 1.63121 0.000704 0.0058 0.000828
  23 540.0 501.0  948.1 526.8  1003367    793 0.94348 4.40307 4.18747 4.32885  1.5750 1.3911-0.11477 2.25922 0.000826 0.0074 0.001301
  24 540.0 437.3  941.5 504.3   845225    735 0.84636 4.48616 3.88971 4.06976  1.9372 1.3887 0.35762 1.67346 0.001011 0.0096 0.001958
  25 540.0 380.8  935.6 483.2   703535    635 0.75483 4.65199 3.66568 3.86876  2.3596 1.3879 0.36040 1.51056 0.001176 0.0119 0.002775
  26 540.0 331.0  930.4 463.6   581111    578 0.66928 4.76315 3.40115 3.59548  2.8474 1.3854 0.25811 1.42060 0.001461 0.0159 0.004161
  27 540.0 288.3  926.0 445.7   479844    518 0.59165 4.90063 3.16967 3.32092  3.3996 1.3832 0.11083 1.46204 0.001790 0.0209 0.006087
  28 540.0 252.3  922.2 429.8   398640    479 0.52306 5.00154 2.93619 3.03242  4.0060 1.3801-0.00939 1.53734 0.002250 0.0283 0.009012
  29 540.0 222.8  919.2 416.0   335452    455 0.46445 5.06907 2.71515 2.76650  4.6461 1.3764-0.08303 1.61997 0.002851 0.0387 0.013246
  30 540.0 199.3  916.7 404.4   287669    445 0.41622 5.09860 2.51310 2.53691  5.2879 1.3723-0.11486 1.68313 0.003610 0.0526 0.019090
    X= 55.754,   DSU= 0.01963,   THU=0.0037205,   CTH=0.0036204,   HU=  5.275241,   H=  5.287905,   CH=  5.353945,   N= 5.37190
  31 540.0 181.3  914.9 395.1   252294    446 0.37854 5.09775 2.33882 2.34955  5.8927 1.3682-0.11620 1.69749 0.004498 0.0699 0.026507
  32 540.0 167.9  913.5 388.0   226687    453 0.35057 5.07704 2.19694 2.20190  6.4244 1.3644-0.10329 1.66356 0.005447 0.0896 0.034993
  33 540.0 158.3  912.5 382.7   208797    464 0.33061 5.04383 2.08655 2.08880  6.8580 1.3612-0.08850 1.60886 0.006378 0.1097 0.043738
  34 540.0 151.8  911.8 379.1   196742    479 0.31694 5.00237 2.00307 2.00391  7.1861 1.3584-0.07718 1.55997 0.007230 0.1289 0.051955
  35 540.0 147.5  911.3 376.6   188929    495 0.30798 4.95765 1.94154 1.94182  7.4167 1.3562-0.06555 1.49292 0.007963 0.1457 0.059062
  36 540.0 144.8  911.1 375.1   184081    512 0.30237 4.91546 1.89776 1.89784  7.5677 1.3545-0.05344 1.40597 0.008553 0.1594 0.064729
  37 540.0 143.2  910.9 374.2   181236    527 0.29906 4.87865 1.86752 1.86753  7.6591 1.3532-0.04049 1.29827 0.009002 0.1698 0.068949
  38 540.0 142.4  910.8 373.7   179707    540 0.29728 4.84774 1.84707 1.84707  7.7089 1.3523-0.02676 1.17327 0.009331 0.1773 0.071929
  39 540.0 142.0  910.8 373.4   179008    551 0.29646 4.82174 1.83324 1.83324  7.7316 1.3516-0.01362 1.04700 0.009569 0.1827 0.073985
  40 540.0 141.9  910.8 373.4   178788    562 0.29620 4.79889 1.82332 1.82332  7.7383 1.3511-0.00422 0.95282 0.009752 0.1867 0.075462
    X= 59.828,   DSU= 0.08158,   THU=0.0106045,   CTH=0.0098071,   HU=  7.693007,   H=  7.738322,   CH=  8.061590,   N= 5.69695
  41 540.0 141.8  910.8 373.4   178765    571 0.29618 4.77753 1.81507 1.81507  7.7384 1.3506 0.00000 0.90754 0.009911 0.1901 0.076695
    X= 60.000,   DELTA*= 0.0804118,   THETA=0.0099680,   H=  8.066977,   N= 5.7047788,   DELTA=  0.1900949,   RE/FT=   2145180.

                                   RE,THETA=    1782.,   LOG= 3.25089,                RE,DELTA=     33982.,   LOG= 4.53125

   Mach 5.5  BOUNDARY LAYER CALCULATIONS, STAGNATION PRESSURE= 120.PSI, STAGNATION TEMPERATURE=1000. DEG R, N BASED ON RE,DELTA


      PARABOLIC TEMPERATURE DISTRIBUTION      MODIF. SPALDING-CHI REFERENCE TEMP      VAN DRIEST REFERENCE REYNOLDS NUMBER

      TW    TE    TAW    TP    RE/IN    RTHI    FRD     KCF1    KCF     RCFS     H      HI     FMY     KTHP THETA-1  DELTA  DELTA*-1

   1 540.0 820.1  981.3 625.6  1435831   1183 1.35708 4.00709 5.25335 5.25335  0.5969 1.3951 4.37056 0.00000 0.000601 0.0044 0.000359
    X= 53.764,   DSU= 0.00036,   THU=0.0006071,   CTH=0.0006024,   HU=  0.595464,   H=  0.596910,   CH=  0.596352,   N= 5.06156
   2 540.0 815.6  980.8 624.3  1439309   1181 1.35191 4.00829 5.23680 5.23691  0.6054 1.3950 4.32573 0.01855 0.000601 0.0044 0.000364
    X= 53.768,   DSU= 0.00037,   THU=0.0006072,   CTH=0.0006024,   HU=  0.603909,   H=  0.605364,   CH=  0.604811,   N= 5.06302
   3 540.0 811.2  980.4 623.0  1442279   1180 1.34677 4.00969 5.22059 5.22094  0.6139 1.3949 4.27985 0.03764 0.000601 0.0044 0.000369
    X= 53.773,   DSU= 0.00037,   THU=0.0006073,   CTH=0.0006025,   HU=  0.612390,   H=  0.613855,   CH=  0.613306,   N= 5.06441
   4 540.0 806.2  979.8 621.6  1445075   1177 1.34093 4.01145 5.20240 5.20318  0.6236 1.3948 4.16794 0.09489 0.000601 0.0044 0.000375
   5 540.0 801.4  979.3 620.2  1447197   1175 1.33536 4.01305 5.18493 5.18633  0.6329 1.3947 4.05884 0.14983 0.000602 0.0044 0.000381
   6 540.0 796.0  978.8 618.7  1448967   1173 1.32914 4.01509 5.16576 5.16804  0.6435 1.3946 4.06143 0.13623 0.000603 0.0044 0.000388
   7 540.0 790.3  978.2 617.1  1450195   1169 1.32249 4.01769 5.14572 5.14914  0.6549 1.3944 3.89744 0.22252 0.000603 0.0045 0.000395
   8 540.0 784.8  977.6 615.5  1450762   1167 1.31591 4.01988 5.12544 5.13024  0.6662 1.3943 3.76942 0.28539 0.000605 0.0045 0.000403
   9 540.0 778.7  977.0 613.7  1450687   1163 1.30873 4.02269 5.10376 5.11020  0.6788 1.3942 3.78770 0.25872 0.000606 0.0045 0.000412
  10 540.0 771.7  976.3 611.7  1449754   1158 1.30049 4.02678 5.07997 5.08838  0.6934 1.3940 3.67953 0.30785 0.000608 0.0045 0.000421
    X= 53.807,   DSU= 0.00042,   THU=0.0006142,   CTH=0.0006092,   HU=  0.691836,   H=  0.693397,   CH=  0.692904,   N= 5.07572
  11 540.0 764.7  975.5 609.7  1447938   1153 1.29214 4.03059 5.05538 5.06605  0.7084 1.3939 3.44011 0.43484 0.000610 0.0046 0.000432
  12 540.0 757.6  974.8 607.6  1445235   1149 1.28362 4.03422 5.02990 5.04325  0.7239 1.3937 3.42244 0.42478 0.000613 0.0046 0.000444
  13 540.0 748.8  973.9 605.0  1440781   1141 1.27307 4.04049 5.00051 5.01721  0.7434 1.3936 3.38078 0.42791 0.000615 0.0046 0.000458
  14 540.0 739.6  972.9 602.4  1434850   1133 1.26196 4.04732 4.96968 4.99045  0.7643 1.3934 3.13840 0.55307 0.000619 0.0047 0.000473
  15 540.0 730.2  971.9 599.6  1427453   1124 1.25042 4.05400 4.93705 4.96292  0.7864 1.3933 3.06815 0.56923 0.000623 0.0048 0.000490
  16 540.0 718.5  970.7 596.1  1416670   1112 1.23609 4.06464 4.89921 4.93164  0.8145 1.3931 2.96417 0.60420 0.000628 0.0048 0.000512
  17 540.0 706.2  969.4 592.4  1403446   1098 1.22087 4.07643 4.85931 4.89997  0.8451 1.3929 2.76985 0.69444 0.000634 0.0049 0.000536
  18 540.0 692.5  968.0 588.3  1386629   1082 1.20375 4.09062 4.81513 4.86594  0.8804 1.3928 2.62339 0.75174 0.000641 0.0050 0.000564
  19 540.0 676.6  966.4 583.5  1364593   1060 1.18365 4.10944 4.76532 4.82823  0.9232 1.3926 2.43631 0.83243 0.000649 0.0051 0.000599
  20 540.0 658.3  964.5 577.9  1336266   1034 1.16026 4.13341 4.70892 4.78531  0.9750 1.3925 2.17714 0.95670 0.000660 0.0052 0.000643
    X= 53.889,   DSU= 0.00065,   THU=0.0006671,   CTH=0.0006611,   HU=  0.973086,   H=  0.974996,   CH=  0.974939,   N= 5.09584
  21 540.0 637.3  962.3 571.4  1300083   1002 1.13290 4.16370 4.64428 4.73443  1.0383 1.3923 1.84568 1.12543 0.000673 0.0054 0.000699
  22 540.0 595.7  958.0 558.2  1219239    933 1.07746 4.23471 4.51936 4.62975  1.1764 1.3922 1.00325 1.61086 0.000702 0.0058 0.000826
  23 540.0 501.0  948.1 526.8  1003367    790 0.94348 4.40776 4.19193 4.34252  1.5751 1.3913-0.07551 2.23336 0.000822 0.0073 0.001295
  24 540.0 437.3  941.5 504.3   845225    731 0.84636 4.49216 3.89492 4.08374  1.9373 1.3889 0.38046 1.65941 0.001005 0.0095 0.001947
  25 540.0 380.8  935.6 483.2   703535    631 0.75483 4.65845 3.67077 3.88303  2.3598 1.3880 0.37618 1.50152 0.001170 0.0118 0.002760
  26 540.0 331.0  930.4 463.6   581111    575 0.66928 4.77019 3.40618 3.61023  2.8476 1.3855 0.27108 1.41125 0.001453 0.0158 0.004137
  27 540.0 288.3  926.0 445.7   479844    515 0.59165 4.90848 3.17475 3.33490  3.3998 1.3834 0.12182 1.45065 0.001780 0.0208 0.006051
  28 540.0 252.3  922.2 429.8   398640    476 0.52306 5.01068 2.94156 3.04568  4.0063 1.3803 0.00217 1.51799 0.002234 0.0281 0.008952
  29 540.0 222.8  919.2 416.0   335452    451 0.46445 5.08128 2.72169 2.77948  4.6465 1.3767-0.07026 1.58830 0.002826 0.0383 0.013132
  30 540.0 199.3  916.7 404.4   287669    440 0.41622 5.11565 2.52150 2.55020  5.2885 1.3727-0.10057 1.63381 0.003567 0.0519 0.018863
    X= 55.754,   DSU= 0.01939,   THU=0.0036743,   CTH=0.0035768,   HU=  5.276002,   H=  5.288495,   CH=  5.353633,   N= 5.36695
  31 540.0 181.3  914.9 395.1   252294    438 0.37854 5.12148 2.34971 2.36398  5.8935 1.3687-0.10086 1.62818 0.004424 0.0687 0.026072
  32 540.0 167.9  913.5 388.0   226687    442 0.35057 5.10847 2.21054 2.21802  6.4255 1.3651-0.08756 1.57551 0.005328 0.0875 0.034235
  33 540.0 158.3  912.5 382.7   208797    451 0.33061 5.08302 2.10276 2.10674  6.8594 1.3620-0.07278 1.50488 0.006204 0.1065 0.042556
  34 540.0 151.8  911.8 379.1   196742    462 0.31694 5.04868 2.02161 2.02356  7.1878 1.3594-0.06147 1.44183 0.006996 0.1243 0.050288
  35 540.0 147.5  911.3 376.6   188929    476 0.30798 5.01002 1.96205 1.96301  7.4186 1.3573-0.05019 1.36649 0.007671 0.1398 0.056908
  36 540.0 144.8  911.1 375.1   184081    490 0.30237 4.97247 1.91977 1.92025  7.5696 1.3557-0.03888 1.27927 0.008209 0.1523 0.062141
  37 540.0 143.2  910.9 374.2   181236    503 0.29906 4.93886 1.89057 1.89082  7.6611 1.3545-0.02717 1.17952 0.008617 0.1618 0.066018
  38 540.0 142.4  910.8 373.7   179707    514 0.29728 4.90993 1.87077 1.87090  7.7110 1.3537-0.01501 1.06931 0.008916 0.1686 0.068751
  39 540.0 142.0  910.8 373.4   179008    524 0.29646 4.88500 1.85729 1.85737  7.7336 1.3530-0.00350 0.96069 0.009134 0.1735 0.070639
  40 540.0 141.9  910.8 373.4   178788    534 0.29620 4.86267 1.84755 1.84761  7.7404 1.3525 0.00465 0.88058 0.009302 0.1771 0.072001
    X= 59.828,   DSU= 0.07755,   THU=0.0100747,   CTH=0.0093526,   HU=  7.697144,   H=  7.740353,   CH=  8.048862,   N= 5.67421
  41 540.0 141.8  910.8 373.4   178765    543 0.29618 4.84152 1.83939 1.83943  7.7404 1.3520 0.00790 0.84509 0.009450 0.1803 0.073145
    X= 60.000,   DELTA*= 0.0765269,   THETA=0.0095019,   H=  8.053857,   N= 5.6817429,   DELTA=  0.1802633,   RE/FT=   2145180.

                                   RE,THETA=    1699.,   LOG= 3.23009,                RE,DELTA=     32225.,   LOG= 4.50819

   Mach 5.5  NOZZLE CONTOUR, RADIAL FLOW ENDS AT STA   0.0000000, TEST CONE BEGINS AT STA  55.7308959, SCALE FACTOR =   0.13000000

  RC=   6.000000   ETAD= 60.0000 DEG   AMACH= 5.5000000   BMACH= 5.5000000   CMACH= 5.5000000   EMACH= 5.5000000   GMACH=  0.0000000

  STAG. PRESSURE= 120. PSI, STAG. TEMPERATURE=1000. DEG R, THROAT TEMP.= 540. DEG R, WALL TEMP.=540. DEG R, THROAT HT COEF.= 0.22787


   Mach 5.5  BOUNDARY LAYER CALCULATIONS, STAGNATION PRESSURE= 120.PSI, STAGNATION TEMPERATURE=1000. DEG R, N BASED ON RE,DELTA


      PARABOLIC TEMPERATURE DISTRIBUTION      MODIF. SPALDING-CHI REFERENCE TEMP      VAN DRIEST REFERENCE REYNOLDS NUMBER

        STA(IN)     Y(IN)    DELR(IN)    R(IN)    DY/DX     D2Y/DX2      DA/DX     DR/DX    MACH NO.    DM/DX    PE/PO       BETA

   1  53.764273   0.130037  0.0003592  0.1303965 0.0000000 1.2816841 0.0012268 0.0012268  1.0471638 3.7113807  4.9957E-01 -5.2447E-01
   2  53.768442   0.130048  0.0003644  0.1304129 0.0052294 1.2403893 0.0012340 0.0064634  1.0630534 3.7777367  4.9008E-01 -5.3029E-01
   3  53.772641   0.130081  0.0003696  0.1304507 0.0103782 1.2430782 0.0012936 0.0116719  1.0787724 3.8428914  4.8077E-01 -5.3600E-01
   4  53.777127   0.130140  0.0003756  0.1305158 0.0160355 1.2855052 0.0013557 0.0173912  1.0964879 3.8611158  4.7040E-01 -5.3488E-01
   5  53.781573   0.130224  0.0003817  0.1306058 0.0218587 1.3315998 0.0014121 0.0232708  1.1132676 3.8685702  4.6068E-01 -5.3281E-01
   6  53.786260   0.130341  0.0003886  0.1307298 0.0282083 1.3608380 0.0014994 0.0297077  1.1318679 4.0017717  4.5005E-01 -5.4776E-01
   7  53.791163   0.130496  0.0003961  0.1308922 0.0349121 1.3593974 0.0015558 0.0364679  1.1516601 3.9691637  4.3890E-01 -5.3981E-01
   8  53.796139   0.130687  0.0004039  0.1310906 0.0416369 1.3347070 0.0016278 0.0432647  1.1710699 3.9638539  4.2813E-01 -5.3630E-01
   9  53.801371   0.130923  0.0004127  0.1313356 0.0485276 1.3006488 0.0017342 0.0502619  1.1921551 4.1454197  4.1661E-01 -5.5781E-01
  10  53.806997   0.131216  0.0004228  0.1316392 0.0557453 1.2744604 0.0018287 0.0575740  1.2161735 4.2076637  4.0374E-01 -5.6252E-01

  11  53.812836   0.131564  0.0004337  0.1319972 0.0631361 1.2678845 0.0018946 0.0650307  1.2403706 4.0866490  3.9104E-01 -5.4348E-01
  12  53.818931   0.131972  0.0004454  0.1324171 0.0708768 1.2868716 0.0020393 0.0729160  1.2649118 4.2664118  3.7843E-01 -5.6503E-01
  13  53.825596   0.132473  0.0004598  0.1329324 0.0795757 1.3292251 0.0022008 0.0817765  1.2950935 4.4865215  3.6333E-01 -5.9047E-01
  14  53.832714   0.133073  0.0004758  0.1335485 0.0892207 1.3889250 0.0022977 0.0915185  1.3267125 4.3820820  3.4797E-01 -5.7348E-01
  15  53.840274   0.133787  0.0004936  0.1342803 0.0999939 1.4623885 0.0025112 0.1025051  1.3593611 4.5716957  3.3262E-01 -5.9581E-01
  16  53.848583   0.134668  0.0005159  0.1351841 0.1124859 1.5433301 0.0027501 0.1152360  1.3996580 4.8087283  3.1439E-01 -6.2266E-01
  17  53.857528   0.135736  0.0005412  0.1362770 0.1266746 1.6051129 0.0029715 0.1296460  1.4422749 4.8551789  2.9597E-01 -6.2505E-01
  18  53.867170   0.137033  0.0005713  0.1376047 0.1423479 1.6106487 0.0033102 0.1456581  1.4900342 5.0996392  2.7636E-01 -6.5285E-01
  19  53.877791   0.138636  0.0006086  0.1392449 0.1592812 1.5440487 0.0037407 0.1630219  1.5459116 5.4203222  2.5478E-01 -6.8931E-01
  20  53.889398   0.140591  0.0006550  0.1412460 0.1765644 1.3852800 0.0042911 0.1808555  1.6108429 5.7699624  2.3152E-01 -7.2882E-01

  21  53.902146   0.142956  0.0007138  0.1436700 0.1927718 1.1891759 0.0052105 0.1979823  1.6868628 6.4178861  2.0664E-01 -8.0579E-01
  22  53.923730   0.147382  0.0008480  0.1482296 0.2154368 0.9872130 0.0069294 0.2223662  1.8420034 7.1001729  1.6319E-01 -8.8287E-01
  23  53.980434   0.161147  0.0013470  0.1624940 0.2620459 0.6992679 0.0083960 0.2704419  2.2315356 5.5196728  8.9018E-02 -7.1170E-01
  24  54.071437   0.187811  0.0020520  0.1898630 0.3077602 0.3897379 0.0073779 0.3151381  2.5366870 2.9755460  5.5284E-02 -4.3009E-01
  25  54.200431   0.230209  0.0029363  0.2331453 0.3374464 0.1457546 0.0075097 0.3449561  2.8514672 2.1950124  3.4070E-02 -3.3310E-01
  26  54.376367   0.291681  0.0044146  0.2960956 0.3428415-0.0378952 0.0084438 0.3512853  3.1787967 1.6755038  2.0869E-02 -2.9001E-01
  27  54.610600   0.369941  0.0064053  0.3763460 0.3125848-0.1509833 0.0090273 0.3216121  3.5135638 1.2883240  1.2861E-02 -2.5223E-01
  28  54.914455   0.456436  0.0093566  0.4657928 0.2581112-0.1727036 0.0103052 0.2684164  3.8494953 0.9953654  8.0656E-03 -2.2942E-01
  29  55.295794   0.542158  0.0135698  0.5557278 0.1953976-0.1466101 0.0117709 0.2071685  4.1763265 0.7699530  5.2204E-03 -2.1260E-01
  30  55.754436   0.615562  0.0193670  0.6349286 0.1380001-0.1042758 0.0133053 0.1513054  4.4814096 0.5957180  3.5364E-03 -1.9857E-01

  31  56.278188   0.674654  0.0267336  0.7013875 0.0958683-0.0661881 0.0144985 0.1103669  4.7518676 0.4609703  2.5369E-03 -1.8403E-01
  32  56.841660   0.718394  0.0351659  0.7535597 0.0672141-0.0437656 0.0151087 0.0823228  4.9780185 0.3568400  1.9392E-03 -1.6738E-01
  33  57.410410   0.750645  0.0438416  0.7944863 0.0463912-0.0343486 0.0151819 0.0615731  5.1554176 0.2761785  1.5795E-03 -1.4861E-01
  34  57.948665   0.770361  0.0519766  0.8223379 0.0290557-0.0283919 0.0148698 0.0439255  5.2858702 0.2133477  1.3625E-03 -1.2866E-01
  35  58.428409   0.781062  0.0590060  0.8400677 0.0170661-0.0218856 0.0141870 0.0312531  5.3758162 0.1635051  1.2323E-03 -1.0812E-01
  36  58.834630   0.786192  0.0646090  0.8508014 0.0092441-0.0165751 0.0131414 0.0223856  5.4339862 0.1225617  1.1555E-03 -8.7041E-02
  37  59.165863   0.788340  0.0687859  0.8571257 0.0044778-0.0119337 0.0118062 0.0162841  5.4690092 0.0870571  1.1119E-03 -6.5237E-02
  38  59.430995   0.789102  0.0717455  0.8608470 0.0018350-0.0077051 0.0102811 0.0121161  5.4881270 0.0549401  1.0889E-03 -4.2839E-02
  39  59.645344   0.789315  0.0737965  0.8631115 0.0005756-0.0040668 0.0087883 0.0093639  5.4969284 0.0271294  1.0784E-03 -2.1794E-02
  40  59.827996   0.789355  0.0752803  0.8646350 0.0001143-0.0015670 0.0076777 0.0077920  5.4997153 0.0082523  1.0752E-03 -6.7887E-03

  41  60.000000   0.789358  0.0765286  0.8658863 0.0000000 0.0000000 0.0068379 0.0068379  5.5000000 0.0000000  1.0748E-03  0.0000E+00

 STA  53.763317      Y*=  0.1303959,     D2A/DX2= 0.001742480,     D2R/DX2= 1.283423653,     VISCID RC=    5.97538714

            Mach 5.5  COORDINATES AND DERIVATIVES, LENGTH=   6.2366826

                  X(IN)          Y(IN)         DY/DX               ANGLE               D2Y/DX2                       

               53.763317       0.130396      0.00000000E+00      0.00000000E+00      1.28342365E+00
               50.100000       0.000000      0.00000000E+00      0.00000000E+00      0.00000000E+00
               50.200000       0.000000      0.00000000E+00      0.00000000E+00      0.00000000E+00
               50.300000       0.000000      0.00000000E+00      0.00000000E+00      0.00000000E+00
               50.400000       0.000000      0.00000000E+00      0.00000000E+00      0.00000000E+00
               50.500000       0.000000      0.00000000E+00      0.00000000E+00      0.00000000E+00
               50.600000       0.000000      0.00000000E+00      0.00000000E+00      0.00000000E+00
               50.700000       0.000000      0.00000000E+00      0.00000000E+00      0.00000000E+00
               50.800000       0.000000      0.00000000E+00      0.00000000E+00      0.00000000E+00
               50.900000       0.000000      0.00000000E+00      0.00000000E+00      0.00000000E+00
               51.000000       0.000000      0.00000000E+00      0.00000000E+00      0.00000000E+00

               51.100000       0.000000      0.00000000E+00      0.00000000E+00      0.00000000E+00
               51.200000       0.000000      0.00000000E+00      0.00000000E+00      0.00000000E+00
               51.300000       0.000000      0.00000000E+00      0.00000000E+00      0.00000000E+00
               51.400000       0.000000      0.00000000E+00      0.00000000E+00      0.00000000E+00
               51.500000       0.000000      0.00000000E+00      0.00000000E+00      0.00000000E+00
               51.600000       0.000000      0.00000000E+00      0.00000000E+00      0.00000000E+00
               51.700000       0.000000      0.00000000E+00      0.00000000E+00      0.00000000E+00
               51.800000       0.000000      0.00000000E+00      0.00000000E+00      0.00000000E+00
               51.900000       0.000000      0.00000000E+00      0.00000000E+00      0.00000000E+00
               52.000000       0.000000      0.00000000E+00      0.00000000E+00      0.00000000E+00

               52.100000       0.000000      0.00000000E+00      0.00000000E+00      0.00000000E+00
               52.200000       0.000000      0.00000000E+00      0.00000000E+00      0.00000000E+00
               52.300000       0.000000      0.00000000E+00      0.00000000E+00      0.00000000E+00
               52.400000       0.000000      0.00000000E+00      0.00000000E+00      0.00000000E+00
               52.500000       0.000000      0.00000000E+00      0.00000000E+00      0.00000000E+00
               52.600000       0.000000      0.00000000E+00      0.00000000E+00      0.00000000E+00
               52.700000       0.000000      0.00000000E+00      0.00000000E+00      0.00000000E+00
               52.800000       0.000000      0.00000000E+00      0.00000000E+00      0.00000000E+00
               52.900000       0.000000      0.00000000E+00      0.00000000E+00      0.00000000E+00
               53.000000       0.000000      0.00000000E+00      0.00000000E+00      0.00000000E+00

               53.100000       0.000000      0.00000000E+00      0.00000000E+00      0.00000000E+00
               53.200000       0.000000      0.00000000E+00      0.00000000E+00      0.00000000E+00
               53.300000       0.000000      0.00000000E+00      0.00000000E+00      0.00000000E+00
               53.400000       0.000000      0.00000000E+00      0.00000000E+00      0.00000000E+00
               53.500000       0.000000      0.00000000E+00      0.00000000E+00      0.00000000E+00
               53.600000       0.000000      0.00000000E+00      0.00000000E+00      0.00000000E+00
               53.700000       0.000000      0.00000000E+00      0.00000000E+00      0.00000000E+00
               53.800000       0.131268      4.84971772E-02      2.77650817E+00      1.32401165E+00
               53.900000       0.143247      1.95790883E-01      1.10778568E+01      1.26100858E+00
               54.000000       0.168010      2.88163203E-01      1.60750348E+01      6.07544128E-01

               54.100000       0.199103      3.27254609E-01      1.81209226E+01      2.55586890E-01
               54.200000       0.232995      3.49447751E-01      1.92618529E+01      1.88275953E-01
               54.300000       0.268616      3.60306286E-01      1.98144104E+01      2.84960338E-02
               54.400000       0.304524      3.55465508E-01      1.95685454E+01     -1.04718622E-01
               54.500000       0.339471      3.42689794E-01      1.89160641E+01     -1.50795667E-01
               54.600000       0.372909      3.25306375E-01      1.80200372E+01     -1.96872712E-01
               54.700000       0.404447      3.05632505E-01      1.69948556E+01     -1.91109500E-01
               54.800000       0.434075      2.87117053E-01      1.60196751E+01     -1.79199538E-01
               54.900000       0.461910      2.69792598E-01      1.50984987E+01     -1.67289575E-01
               55.000000       0.488061      2.53226588E-01      1.42101061E+01     -1.65492367E-01

            Mach 5.5  COORDINATES AND DERIVATIVES, LENGTH=   6.2366826

                  X(IN)          Y(IN)         DY/DX               ANGLE               D2Y/DX2                       

               55.100000       0.512556      2.36681775E-01      1.33158326E+01     -1.65403900E-01
               55.200000       0.535397      2.20145808E-01      1.24153868E+01     -1.65315432E-01
               55.300000       0.556586      2.03620260E-01      1.15092406E+01     -1.64479398E-01
               55.400000       0.576155      1.88065495E-01      1.06509522E+01     -1.46615895E-01
               55.500000       0.594258      1.74297081E-01      9.88716331E+00     -1.28752391E-01
               55.600000       0.611074      1.62315017E-01      9.21955988E+00     -1.10888887E-01
               55.700000       0.626781      1.52119304E-01      8.64948370E+00     -9.30253830E-02
               55.800000       0.641555      1.43555951E-01      8.16933650E+00     -8.19211767E-02
               55.900000       0.655506      1.35515268E-01      7.71744007E+00     -7.88924787E-02
               56.000000       0.668668      1.27777455E-01      7.28165063E+00     -7.58637807E-02

               56.100000       0.681072      1.20342512E-01      6.86211855E+00     -7.28350827E-02
               56.200000       0.692747      1.13210439E-01      6.45897996E+00     -6.98063848E-02
               56.300000       0.703724      1.06390867E-01      6.07290332E+00     -6.58945173E-02
               56.400000       0.714045      1.00155300E-01      5.71940295E+00     -5.88168227E-02
               56.500000       0.723779      9.46275026E-02      5.40566012E+00     -5.17391281E-02
               56.600000       0.732994      8.98074745E-02      5.13182210E+00     -4.46614336E-02
               56.700000       0.741764      8.56952159E-02      4.89800780E+00     -3.75837390E-02
               56.800000       0.750157      8.22907267E-02      4.70431161E+00     -3.05060444E-02
               56.900000       0.758242      7.94329816E-02      4.54163864E+00     -2.89486306E-02
               57.000000       0.766037      7.64188870E-02      4.36998622E+00     -3.13332610E-02

               57.100000       0.773518      7.31663294E-02      4.18466523E+00     -3.37178914E-02
               57.200000       0.780662      6.96753087E-02      3.98565979E+00     -3.61025218E-02
               57.300000       0.787445      6.59458250E-02      3.77295444E+00     -3.84871523E-02
               57.400000       0.793843      6.19778783E-02      3.54653444E+00     -4.08717827E-02
               57.500000       0.799839      5.79718441E-02      3.31782854E+00     -3.87832533E-02
               57.600000       0.805446      5.42239329E-02      3.10376295E+00     -3.61749709E-02
               57.700000       0.810692      5.07368499E-02      2.90451678E+00     -3.35666885E-02
               57.800000       0.815603      4.75105952E-02      2.72011115E+00     -3.09584061E-02
               57.900000       0.820203      4.45451687E-02      2.55056405E+00     -2.83501237E-02
               58.000000       0.824520      4.18150125E-02      2.39442884E+00     -2.67375809E-02

               58.100000       0.828569      3.91746833E-02      2.24339687E+00     -2.60690017E-02
               58.200000       0.832357      3.66012121E-02      2.09615928E+00     -2.54004225E-02
               58.300000       0.835891      3.40945988E-02      1.95272021E+00     -2.47318432E-02
               58.400000       0.839178      3.16548435E-02      1.81308351E+00     -2.40632640E-02
               58.500000       0.842225      2.92926199E-02      1.67786370E+00     -2.30964959E-02
               58.600000       0.845040      2.70372251E-02      1.54874158E+00     -2.20114004E-02
               58.700000       0.847636      2.48903398E-02      1.42581703E+00     -2.09263048E-02
               58.800000       0.850022      2.28519641E-02      1.30909325E+00     -1.98412092E-02
               58.900000       0.852210      2.09159164E-02      1.19821903E+00     -1.89452377E-02
               59.000000       0.854208      1.90611819E-02      1.09199304E+00     -1.81494534E-02

               59.100000       0.856024      1.72860257E-02      9.90317689E-01     -1.73536692E-02
               59.200000       0.857668      1.55911005E-02      8.93231886E-01     -1.65196571E-02
               59.300000       0.859146      1.39845233E-02      8.01201935E-01     -1.56118880E-02
               59.400000       0.860468      1.24687229E-02      7.14368179E-01     -1.47041190E-02
               59.500000       0.861643      1.10509093E-02      6.33144687E-01     -1.35873845E-02
               59.600000       0.862682      9.75270064E-03      5.58770870E-01     -1.23767877E-02
               59.700000       0.863598      8.61582380E-03      4.93638126E-01     -9.69253453E-03
               59.800000       0.864418      7.84191213E-03      4.49299258E-01     -5.78569892E-03
               59.900000       0.865177      7.34859645E-03      4.21035983E-01     -4.93666286E-03
               60.000000       0.865886      6.83793783E-03      3.91778872E-01     -5.27650942E-03

            Mach 5.5  COORDINATES AND DERIVATIVES, LENGTH=   6.2366826

                  X(IN)          Y(IN)         DY/DX               ANGLE               D2Y/DX2                       

               60.000000       0.865886      6.83793783E-03      3.91778872E-01      0.00000000E+00
               60.200000       0.865886      6.83793783E-03      3.91778872E-01      0.00000000E+00
               60.300000       0.865886      6.83793783E-03      3.91778872E-01      0.00000000E+00
               60.400000       0.865886      6.83793783E-03      3.91778872E-01      0.00000000E+00
               60.500000       0.865886      6.83793783E-03      3.91778872E-01      0.00000000E+00
               60.600000       0.865886      6.83793783E-03      3.91778872E-01      0.00000000E+00
               60.700000       0.865886      6.83793783E-03      3.91778872E-01      0.00000000E+00
               60.800000       0.865886      6.83793783E-03      3.91778872E-01      0.00000000E+00
               60.900000       0.865886      6.83793783E-03      3.91778872E-01      0.00000000E+00
               61.000000       0.865886      6.83793783E-03      3.91778872E-01      0.00000000E+00

               61.100000       0.865886      6.83793783E-03      3.91778872E-01      0.00000000E+00
               61.200000       0.865886      6.83793783E-03      3.91778872E-01      0.00000000E+00
               61.300000       0.865886      6.83793783E-03      3.91778872E-01      0.00000000E+00
               61.400000       0.865886      6.83793783E-03      3.91778872E-01      0.00000000E+00
               61.500000       0.865886      6.83793783E-03      3.91778872E-01      0.00000000E+00
               61.600000       0.865886      6.83793783E-03      3.91778872E-01      0.00000000E+00
               61.700000       0.865886      6.83793783E-03      3.91778872E-01      0.00000000E+00
               61.800000       0.865886      6.83793783E-03      3.91778872E-01      0.00000000E+00
               61.900000       0.865886      6.83793783E-03      3.91778872E-01      0.00000000E+00
               62.000000       0.865886      6.83793783E-03      3.91778872E-01      0.00000000E+00

               62.100000       0.865886      6.83793783E-03      3.91778872E-01      0.00000000E+00
               62.200000       0.865886      6.83793783E-03      3.91778872E-01      0.00000000E+00
               62.300000       0.865886      6.83793783E-03      3.91778872E-01      0.00000000E+00
               62.400000       0.865886      6.83793783E-03      3.91778872E-01      0.00000000E+00
               62.500000       0.865886      6.83793783E-03      3.91778872E-01      0.00000000E+00
               62.600000       0.865886      6.83793783E-03      3.91778872E-01      0.00000000E+00
               62.700000       0.865886      6.83793783E-03      3.91778872E-01      0.00000000E+00
               62.800000       0.865886      6.83793783E-03      3.91778872E-01      0.00000000E+00
               62.900000       0.865886      6.83793783E-03      3.91778872E-01      0.00000000E+00
               63.000000       0.865886      6.83793783E-03      3.91778872E-01      0.00000000E+00

               63.100000       0.865886      6.83793783E-03      3.91778872E-01      0.00000000E+00
               63.200000       0.865886      6.83793783E-03      3.91778872E-01      0.00000000E+00
               63.300000       0.865886      6.83793783E-03      3.91778872E-01      0.00000000E+00
               63.400000       0.865886      6.83793783E-03      3.91778872E-01      0.00000000E+00
               63.500000       0.865886      6.83793783E-03      3.91778872E-01      0.00000000E+00
               63.600000       0.865886      6.83793783E-03      3.91778872E-01      0.00000000E+00
               63.700000       0.865886      6.83793783E-03      3.91778872E-01      0.00000000E+00
               63.800000       0.865886      6.83793783E-03      3.91778872E-01      0.00000000E+00
               63.900000       0.865886      6.83793783E-03      3.91778872E-01      0.00000000E+00
               64.000000       0.865886      6.83793783E-03      3.91778872E-01      0.00000000E+00

               64.100000       0.865886      6.83793783E-03      3.91778872E-01      0.00000000E+00
               64.200000       0.865886      6.83793783E-03      3.91778872E-01      0.00000000E+00
               64.300000       0.865886      6.83793783E-03      3.91778872E-01      0.00000000E+00
               64.400000       0.865886      6.83793783E-03      3.91778872E-01      0.00000000E+00
               64.500000       0.865886      6.83793783E-03      3.91778872E-01      0.00000000E+00
               64.600000       0.865886      6.83793783E-03      3.91778872E-01      0.00000000E+00
               64.700000       0.865886      6.83793783E-03      3.91778872E-01      0.00000000E+00
               64.800000       0.865886      6.83793783E-03      3.91778872E-01      0.00000000E+00
               64.900000       0.865886      6.83793783E-03      3.91778872E-01      0.00000000E+00
               65.000000       0.865886      6.83793783E-03      3.91778872E-01      0.00000000E+00

            Mach 5.5  COORDINATES AND DERIVATIVES, LENGTH=   6.2366826

                  X(IN)          Y(IN)         DY/DX               ANGLE               D2Y/DX2                       

               65.100000       0.865886      6.83793783E-03      3.91778872E-01      0.00000000E+00
               65.200000       0.865886      6.83793783E-03      3.91778872E-01      0.00000000E+00
               65.300000       0.865886      6.83793783E-03      3.91778872E-01      0.00000000E+00
               65.400000       0.865886      6.83793783E-03      3.91778872E-01      0.00000000E+00
               65.500000       0.865886      6.83793783E-03      3.91778872E-01      0.00000000E+00
               65.600000       0.865886      6.83793783E-03      3.91778872E-01      0.00000000E+00
               65.700000       0.865886      6.83793783E-03      3.91778872E-01      0.00000000E+00
               65.800000       0.865886      6.83793783E-03      3.91778872E-01      0.00000000E+00
               65.900000       0.865886      6.83793783E-03      3.91778872E-01      0.00000000E+00
               66.000000       0.865886      6.83793783E-03      3.91778872E-01      0.00000000E+00

               66.100000       0.865886      6.83793783E-03      3.91778872E-01      0.00000000E+00
               66.200000       0.865886      6.83793783E-03      3.91778872E-01      0.00000000E+00
               66.300000       0.865886      6.83793783E-03      3.91778872E-01      0.00000000E+00
               66.400000       0.865886      6.83793783E-03      3.91778872E-01      0.00000000E+00
               66.500000       0.865886      6.83793783E-03      3.91778872E-01      0.00000000E+00
               66.600000       0.865886      6.83793783E-03      3.91778872E-01      0.00000000E+00
               66.700000       0.865886      6.83793783E-03      3.91778872E-01      0.00000000E+00
               66.800000       0.865886      6.83793783E-03      3.91778872E-01      0.00000000E+00
               66.900000       0.865886      6.83793783E-03      3.91778872E-01      0.00000000E+00
               67.000000       0.865886      6.83793783E-03      3.91778872E-01      0.00000000E+00

               67.100000       0.865886      6.83793783E-03      3.91778872E-01      0.00000000E+00
               67.200000       0.865886      6.83793783E-03      3.91778872E-01      0.00000000E+00
               67.300000       0.865886      6.83793783E-03      3.91778872E-01      0.00000000E+00
               67.400000       0.865886      6.83793783E-03      3.91778872E-01      0.00000000E+00
               67.500000       0.865886      6.83793783E-03      3.91778872E-01      0.00000000E+00
               67.600000       0.865886      6.83793783E-03      3.91778872E-01      0.00000000E+00
               67.700000       0.865886      6.83793783E-03      3.91778872E-01      0.00000000E+00
               67.800000       0.865886      6.83793783E-03      3.91778872E-01      0.00000000E+00
               67.900000       0.865886      6.83793783E-03      3.91778872E-01      0.00000000E+00
               68.000000       0.865886      6.83793783E-03      3.91778872E-01      0.00000000E+00

               68.100000       0.865886      6.83793783E-03      3.91778872E-01      0.00000000E+00
               68.200000       0.865886      6.83793783E-03      3.91778872E-01      0.00000000E+00
               68.300000       0.865886      6.83793783E-03      3.91778872E-01      0.00000000E+00
               68.400000       0.865886      6.83793783E-03      3.91778872E-01      0.00000000E+00
               68.500000       0.865886      6.83793783E-03      3.91778872E-01      0.00000000E+00
               68.600000       0.865886      6.83793783E-03      3.91778872E-01      0.00000000E+00
               68.700000       0.865886      6.83793783E-03      3.91778872E-01      0.00000000E+00
               68.800000       0.865886      6.83793783E-03      3.91778872E-01      0.00000000E+00
               68.900000       0.865886      6.83793783E-03      3.91778872E-01      0.00000000E+00
               69.000000       0.865886      6.83793783E-03      3.91778872E-01      0.00000000E+00

               69.100000       0.865886      6.83793783E-03      3.91778872E-01      0.00000000E+00
               69.200000       0.865886      6.83793783E-03      3.91778872E-01      0.00000000E+00
               69.300000       0.865886      6.83793783E-03      3.91778872E-01      0.00000000E+00
               69.400000       0.865886      6.83793783E-03      3.91778872E-01      0.00000000E+00
               69.500000       0.865886      6.83793783E-03      3.91778872E-01      0.00000000E+00
               69.600000       0.865886      6.83793783E-03      3.91778872E-01      0.00000000E+00
               69.700000       0.865886      6.83793783E-03      3.91778872E-01      0.00000000E+00
               69.800000       0.865886      6.83793783E-03      3.91778872E-01      0.00000000E+00
               69.900000       0.865886      6.83793783E-03      3.91778872E-01      0.00000000E+00
               70.000000       0.865886      6.83793783E-03      3.91778872E-01      0.00000000E+00

            Mach 5.5  COORDINATES AND DERIVATIVES, LENGTH=   6.2366826

                  X(IN)          Y(IN)         DY/DX               ANGLE               D2Y/DX2                       

               70.100000       0.865886      6.83793783E-03      3.91778872E-01      0.00000000E+00
               70.200000       0.865886      6.83793783E-03      3.91778872E-01      0.00000000E+00
               70.300000       0.865886      6.83793783E-03      3.91778872E-01      0.00000000E+00
               70.400000       0.865886      6.83793783E-03      3.91778872E-01      0.00000000E+00
               70.500000       0.865886      6.83793783E-03      3.91778872E-01      0.00000000E+00
               70.600000       0.865886      6.83793783E-03      3.91778872E-01      0.00000000E+00
               70.700000       0.865886      6.83793783E-03      3.91778872E-01      0.00000000E+00
               70.800000       0.865886      6.83793783E-03      3.91778872E-01      0.00000000E+00
               70.900000       0.865886      6.83793783E-03      3.91778872E-01      0.00000000E+00
               71.000000       0.865886      6.83793783E-03      3.91778872E-01      0.00000000E+00

               71.100000       0.865886      6.83793783E-03      3.91778872E-01      0.00000000E+00
               71.200000       0.865886      6.83793783E-03      3.91778872E-01      0.00000000E+00
               71.300000       0.865886      6.83793783E-03      3.91778872E-01      0.00000000E+00
               71.400000       0.865886      6.83793783E-03      3.91778872E-01      0.00000000E+00
               71.500000       0.865886      6.83793783E-03      3.91778872E-01      0.00000000E+00
               71.600000       0.865886      6.83793783E-03      3.91778872E-01      0.00000000E+00
               71.700000       0.865886      6.83793783E-03      3.91778872E-01      0.00000000E+00
               71.800000       0.865886      6.83793783E-03      3.91778872E-01      0.00000000E+00
               71.900000       0.865886      6.83793783E-03      3.91778872E-01      0.00000000E+00
               72.000000       0.865886      6.83793783E-03      3.91778872E-01      0.00000000E+00

               72.100000       0.865886      6.83793783E-03      3.91778872E-01      0.00000000E+00
               72.200000       0.865886      6.83793783E-03      3.91778872E-01      0.00000000E+00
               72.300000       0.865886      6.83793783E-03      3.91778872E-01      0.00000000E+00
               72.400000       0.865886      6.83793783E-03      3.91778872E-01      0.00000000E+00
               72.500000       0.865886      6.83793783E-03      3.91778872E-01      0.00000000E+00
               72.600000       0.865886      6.83793783E-03      3.91778872E-01      0.00000000E+00
               72.700000       0.865886      6.83793783E-03      3.91778872E-01      0.00000000E+00
               72.800000       0.865886      6.83793783E-03      3.91778872E-01      0.00000000E+00
               72.900000       0.865886      6.83793783E-03      3.91778872E-01      0.00000000E+00
               73.000000       0.865886      6.83793783E-03      3.91778872E-01      0.00000000E+00

               73.100000       0.865886      6.83793783E-03      3.91778872E-01      0.00000000E+00
               73.200000       0.865886      6.83793783E-03      3.91778872E-01      0.00000000E+00
               73.300000       0.865886      6.83793783E-03      3.91778872E-01      0.00000000E+00
               73.400000       0.865886      6.83793783E-03      3.91778872E-01      0.00000000E+00
               73.500000       0.865886      6.83793783E-03      3.91778872E-01      0.00000000E+00
               73.600000       0.865886      6.83793783E-03      3.91778872E-01      0.00000000E+00
               73.700000       0.865886      6.83793783E-03      3.91778872E-01      0.00000000E+00
               73.800000       0.865886      6.83793783E-03      3.91778872E-01      0.00000000E+00
               73.900000       0.865886      6.83793783E-03      3.91778872E-01      0.00000000E+00
               74.000000       0.865886      6.83793783E-03      3.91778872E-01      0.00000000E+00

               74.100000       0.865886      6.83793783E-03      3.91778872E-01      0.00000000E+00
               74.200000       0.865886      6.83793783E-03      3.91778872E-01      0.00000000E+00
               74.300000       0.865886      6.83793783E-03      3.91778872E-01      0.00000000E+00
               74.400000       0.865886      6.83793783E-03      3.91778872E-01      0.00000000E+00
               74.500000       0.865886      6.83793783E-03      3.91778872E-01      0.00000000E+00
               74.600000       0.865886      6.83793783E-03      3.91778872E-01      0.00000000E+00
               74.700000       0.865886      6.83793783E-03      3.91778872E-01      0.00000000E+00
               74.800000       0.865886      6.83793783E-03      3.91778872E-01      0.00000000E+00
               74.900000       0.865886      6.83793783E-03      3.91778872E-01      0.00000000E+00
               75.000000       0.865886      6.83793783E-03      3.91778872E-01      0.00000000E+00

            Mach 5.5  COORDINATES AND DERIVATIVES, LENGTH=   6.2366826

                  X(IN)          Y(IN)         DY/DX               ANGLE               D2Y/DX2                       

               75.100000       0.865886      6.83793783E-03      3.91778872E-01      0.00000000E+00
               75.200000       0.865886      6.83793783E-03      3.91778872E-01      0.00000000E+00
               75.300000       0.865886      6.83793783E-03      3.91778872E-01      0.00000000E+00
               75.400000       0.865886      6.83793783E-03      3.91778872E-01      0.00000000E+00
               75.500000       0.865886      6.83793783E-03      3.91778872E-01      0.00000000E+00
               75.600000       0.865886      6.83793783E-03      3.91778872E-01      0.00000000E+00
               75.700000       0.865886      6.83793783E-03      3.91778872E-01      0.00000000E+00
               75.800000       0.865886      6.83793783E-03      3.91778872E-01      0.00000000E+00
               75.900000       0.865886      6.83793783E-03      3.91778872E-01      0.00000000E+00
               76.000000       0.865886      6.83793783E-03      3.91778872E-01      0.00000000E+00

               76.100000       0.865886      6.83793783E-03      3.91778872E-01      0.00000000E+00
               76.200000       0.865886      6.83793783E-03      3.91778872E-01      0.00000000E+00
               76.300000       0.865886      6.83793783E-03      3.91778872E-01      0.00000000E+00
               76.400000       0.865886      6.83793783E-03      3.91778872E-01      0.00000000E+00
               76.500000       0.865886      6.83793783E-03      3.91778872E-01      0.00000000E+00
               76.600000       0.865886      6.83793783E-03      3.91778872E-01      0.00000000E+00
               76.700000       0.865886      6.83793783E-03      3.91778872E-01      0.00000000E+00
               76.800000       0.865886      6.83793783E-03      3.91778872E-01      0.00000000E+00
               76.900000       0.865886      6.83793783E-03      3.91778872E-01      0.00000000E+00
               77.000000       0.865886      6.83793783E-03      3.91778872E-01      0.00000000E+00

               77.100000       0.865886      6.83793783E-03      3.91778872E-01      0.00000000E+00
               77.200000       0.865886      6.83793783E-03      3.91778872E-01      0.00000000E+00
               77.300000       0.865886      6.83793783E-03      3.91778872E-01      0.00000000E+00
               77.400000       0.865886      6.83793783E-03      3.91778872E-01      0.00000000E+00
               77.500000       0.865886      6.83793783E-03      3.91778872E-01      0.00000000E+00
               77.600000       0.865886      6.83793783E-03      3.91778872E-01      0.00000000E+00
               77.700000       0.865886      6.83793783E-03      3.91778872E-01      0.00000000E+00
               77.800000       0.865886      6.83793783E-03      3.91778872E-01      0.00000000E+00
               77.900000       0.865886      6.83793783E-03      3.91778872E-01      0.00000000E+00
               78.000000       0.865886      6.83793783E-03      3.91778872E-01      0.00000000E+00

               78.100000       0.865886      6.83793783E-03      3.91778872E-01      0.00000000E+00
               78.200000       0.865886      6.83793783E-03      3.91778872E-01      0.00000000E+00
               78.300000       0.865886      6.83793783E-03      3.91778872E-01      0.00000000E+00
               78.400000       0.865886      6.83793783E-03      3.91778872E-01      0.00000000E+00
               78.500000       0.865886      6.83793783E-03      3.91778872E-01      0.00000000E+00
               78.600000       0.865886      6.83793783E-03      3.91778872E-01      0.00000000E+00
               78.700000       0.865886      6.83793783E-03      3.91778872E-01      0.00000000E+00
               78.800000       0.865886      6.83793783E-03      3.91778872E-01      0.00000000E+00
               78.900000       0.865886      6.83793783E-03      3.91778872E-01      0.00000000E+00
               79.000000       0.865886      6.83793783E-03      3.91778872E-01      0.00000000E+00

               79.100000       0.865886      6.83793783E-03      3.91778872E-01      0.00000000E+00
               79.200000       0.865886      6.83793783E-03      3.91778872E-01      0.00000000E+00
               79.300000       0.865886      6.83793783E-03      3.91778872E-01      0.00000000E+00
               79.400000       0.865886      6.83793783E-03      3.91778872E-01      0.00000000E+00
               79.500000       0.865886      6.83793783E-03      3.91778872E-01      0.00000000E+00
               79.600000       0.865886      6.83793783E-03      3.91778872E-01      0.00000000E+00
               79.700000       0.865886      6.83793783E-03      3.91778872E-01      0.00000000E+00
               79.800000       0.865886      6.83793783E-03      3.91778872E-01      0.00000000E+00
               79.900000       0.865886      6.83793783E-03      3.91778872E-01      0.00000000E+00
               80.000000       0.865886      6.83793783E-03      3.91778872E-01      0.00000000E+00

            Mach 5.5  COORDINATES AND DERIVATIVES, LENGTH=   6.2366826

                  X(IN)          Y(IN)         DY/DX               ANGLE               D2Y/DX2                       

