           Mach 6.5   THROAT VELOCITY DISTRIBUTION, X=O, RC=  6.000000

          DERIVATIVES TAKEN WITH RESPECT TO X/Y*, WOP= 0.34136118

          WOPP=  2.8328436E-03     WOPPP= -7.6881686E-02

          Y/YO       U/A*          V/A*           W           MACH NO.

         0.0000    0.96385164    0.00000000    0.96385164    0.95708127
         0.0500    0.96401577   -0.00071638    0.96401603    0.95727442
         0.1000    0.96450872   -0.00142453    0.96450977    0.95785464
         0.1500    0.96533218   -0.00211614    0.96533450    0.95882420
         0.2000    0.96648905   -0.00278269    0.96649305    0.96018698
         0.2500    0.96798341   -0.00341543    0.96798943    0.96194847
         0.3000    0.96982065   -0.00400516    0.96982892    0.96411593
         0.3500    0.97200756   -0.00454220    0.97201817    0.96669850
         0.4000    0.97455242   -0.00501616    0.97456533    0.96970739
         0.4500    0.97746515   -0.00541581    0.97748016    0.97315605

         0.5000    0.98075749   -0.00572885    0.98077422    0.97706044
         0.5500    0.98444311   -0.00594164    0.98446104    0.98143928
         0.6000    0.98853789   -0.00603898    0.98855634    0.98631439
         0.6500    0.99306008   -0.00600372    0.99307823    0.99171105
         0.7000    0.99803057   -0.00581642    0.99804752    0.99765839
         0.7500    1.00347313   -0.00545488    1.00348795    1.00418993
         0.8000    1.00941470   -0.00489374    1.00942656    1.01134407
         0.8500    1.01588572   -0.00410381    1.01589400    1.01916472
         0.9000    1.02292039   -0.00305157    1.02292494    1.02770206
         0.9500    1.03055708   -0.00169844    1.03055848    1.03701332

         1.0000    1.03883866   -0.00000000    1.03883866    1.04716380
          FROM CUBIC, X/Y* = 0.10589172 FOR W= 1.0

                      X/Y* = 0.30916451 FOR W= 1.06914514

          CORRECTED WOPPP= -7.5023201E-02

          RMASS = Y*/YO = 0.9997135747


          AXIAL VELOCITY DISTRIBUTION, Y=0

          X/Y*         W                 WP                WPP               M                 MP                MPP

         0.000     9.6385164E-01     3.4136118E-01     2.8328436E-03     9.5708127E-01     4.0106175E-01     8.1394664E-02
         0.100     9.9798942E-01     3.4126935E-01    -4.6694765E-03     9.9758876E-01     4.0903018E-01     7.7921558E-02
         0.200     1.0320805E+00     3.4042728E-01    -1.2171797E-02     1.0388752E+00     4.1663426E-01     7.4093984E-02
         0.300     1.0660499E+00     3.3883499E-01    -1.9674117E-02     1.0809022E+00     4.2383427E-01     6.9825012E-02
       0.30913748  1.0691451E+00     3.3865208E-01    -2.0359640E-02     1.0847778E+00     4.2447041E-01     6.9409656E-02
         0.400     1.0998225E+00     3.3649246E-01    -2.7176437E-02     1.1236269E+00     4.3058135E-01     6.5018363E-02
         0.500     1.1333234E+00     3.3339970E-01    -3.4678757E-02     1.1670014E+00     4.3681650E-01     5.9567934E-02
         0.600     1.1664774E+00     3.2955671E-01    -4.2181077E-02     1.2109708E+00     4.4246962E-01     5.3357501E-02
         0.700     1.1992097E+00     3.2496349E-01    -4.9683397E-02     1.2554732E+00     4.4745846E-01     4.6260683E-02
         0.800     1.2314451E+00     3.1962003E-01    -5.7185717E-02     1.3004372E+00     4.5168768E-01     3.8141263E-02
         0.900     1.2631087E+00     3.1352634E-01    -6.4688038E-02     1.3457817E+00     4.5504780E-01     2.8854013E-02
         1.000     1.2941254E+00     3.0668242E-01    -7.2190358E-02     1.3914137E+00     4.5741446E-01     1.8246177E-02
1  Mach 6.5   INVISCID CONTOUR, 4TH-DEGAXIAL MACH NUMBER DISTRIBUTION FROM THROAT CHARACTERISTIC WHICH HAS  21 POINTS

     NO. OF POINTS ON 1ST CHAR. (M)= 41     NO. OF POINTS ON AXIS (N)= 21     EPSI/ETA= 0.00000    BMACH=  6.50000    CMACH=  6.50000

     GAMMA= 1.4000     INFLECTION ANG. (ETA)= 60.0000  DEGREES     RAD. OF CURV. (RC)=   6.000000     SCALE FACTOR (SF)=   0.13000000

     Y*=1.00000000    RMASS=0.99971357    WWO= 1.0388387    WWOP= 0.39255278    EMACH= 6.50000    FMACH= 6.5000000    GMACH=  0.00000

          WI=  1.06914514    WIP=  0.33865208    WIPP= -2.0359640E-02    MI=  1.08477784    MIP=  0.42447041    MIPP=  6.9409656E-02

          C1=  1.0847778   C2=  7.35611562   C3=  1.0422986E+01   C4= -2.1253430E+01   C5=  8.8895509E+00   C6=  0.0000000E+00

          XOI=  0.10589746   XI=  0.30913748   XO=  0.00000000   YO=  1.00028651   XIE= 17.33010246   XE= 17.63923994    0 ITERATIONS

          MACH 0.95708127 AT 50.4696335 IN.,   MACH 1 AT 50.4834002 IN.,   MACH 1.08477784 AT 50.5098214 IN.

  AXIS
 POINT    X       X(IN)   MACH NO.    DM/DX        D2M/DX2       D3M/DX3       W=Q/A*     DW/DX        D2W/DX2       D3W/DX3

   1  17.63924  52.76273  6.500000  1.025012E-15  1.182927E-16  1.649031E-02  2.316264  3.865200E-17  4.460678E-18  6.218301E-04
   2  16.11083  52.56404  6.490725  1.785346E-02 -2.244123E-02  1.287516E-02  2.315914  6.758161E-04 -8.544647E-04  5.062160E-04
   3  14.64546  52.37354  6.434171  6.332136E-02 -3.876863E-02  9.409109E-03  2.313748  2.453800E-03 -1.566984E-03  4.855465E-04
   4  13.24380  52.19133  6.303395  1.258187E-01 -4.963347E-02  6.093776E-03  2.308539  5.150529E-03 -2.305748E-03  5.924753E-04
   5  11.90660  52.01749  6.088662  1.966941E-01 -5.566736E-02  2.930896E-03  2.299333  8.827752E-03 -3.252250E-03  8.545481E-04
   6  10.63464  51.85214  5.792697  2.690603E-01 -5.748195E-02 -7.766991E-05  2.285147  1.376476E-02 -4.610003E-03  1.325785E-03
   7   9.42878  51.69537  5.426684  3.376283E-01 -5.566857E-02 -2.929915E-03  2.264762  2.045133E-02 -6.635220E-03  2.101391E-03
   8   8.28991  51.54732  5.006958  3.985447E-01 -5.079790E-02 -5.623665E-03  2.236586  2.960266E-02 -9.666632E-03  3.322262E-03
   9   7.21906  51.40811  4.552331  4.492333E-01 -4.341962E-02 -8.156551E-03  2.198582  4.217130E-02 -1.413394E-02  5.156250E-03
  10   6.21732  51.27789  4.081995  4.882398E-01 -3.406208E-02 -1.052597E-02  2.148285  5.930761E-02 -2.050671E-02  7.719370E-03

  11   5.28590  51.15680  3.613956  5.150814E-01 -2.323200E-02 -1.272906E-02  2.083011  8.219027E-02 -2.912068E-02  1.088217E-02
  12   4.42616  51.04503  3.163937  5.301000E-01 -1.141418E-02 -1.476260E-02  2.000350  1.116377E-01 -3.982543E-02  1.394514E-02
  13   3.63964  50.94279  2.744702  5.343195E-01  9.286514E-04 -1.662298E-02  1.899051  1.474836E-01 -5.151542E-02  1.535259E-02
  14   2.92807  50.85028  2.365755  5.293083E-01  1.335586E-02 -1.830605E-02  1.780156  1.879284E-01 -6.188003E-02  1.291482E-02
  15   2.29349  50.76779  2.033355  5.170465E-01  2.544863E-02 -1.980701E-02  1.647956  2.293748E-01 -6.791004E-02  4.957025E-03
  16   1.73834  50.69562  1.750810  4.997989E-01  3.680907E-02 -2.112012E-02  1.510092  2.672436E-01 -6.730231E-02 -8.155699E-03
  17   1.26557  50.63416  1.519013  4.799949E-01  4.705828E-02 -2.223835E-02  1.376435  2.976035E-01 -5.990613E-02 -2.369575E-02
  18   0.87899  50.58390  1.337190  4.601188E-01  5.583188E-02 -2.315273E-02  1.257174  3.186365E-01 -4.797882E-02 -3.812089E-02
  19   0.58380  50.54553  1.203898  4.426187E-01  6.276945E-02 -2.385095E-02  1.161199  3.309781E-01 -3.510219E-02 -4.900842E-02
  20   0.38801  50.52008  1.118472  4.298692E-01  6.748449E-02 -2.431404E-02  1.095789  3.368680E-01 -2.484665E-02 -5.564363E-02

  21   0.30914  50.50982  1.084778  4.244704E-01  6.940966E-02 -2.450061E-02  1.069145  3.386521E-01 -2.035964E-02 -5.810636E-02
   Mach 6.5   THROAT CHARACTERISTIC
             
        POINT        X              Y          MACH NO.      MACH ANG.(D)     PSI (D)     FLOW ANG.(D)        X(IN)         Y(IN)

          1    3.0913748E-01  0.0000000E+00  1.0847778E+00  6.7197722E+01  1.0529074E+00  0.0000000E+00    50.5098214     0.0000000
          2    2.8863695E-01  5.0014325E-02  1.0763292E+00  6.8292446E+01  9.0424997E-01  7.2383284E-02    50.5071563     0.0065019
          3    2.6915018E-01  1.0002865E-01  1.0688059E+00  6.9329122E+01  7.7756238E-01  1.3030526E-01    50.5046230     0.0130037
          4    2.5061592E-01  1.5004298E-01  1.0621631E+00  7.0300762E+01  6.7051186E-01  1.7551318E-01    50.5022136     0.0195056
          5    2.3296672E-01  2.0005730E-01  1.0563575E+00  7.1199985E+01  5.8093009E-01  2.0961900E-01    50.4999192     0.0260074
          6    2.1612891E-01  2.5007163E-01  1.0513476E+00  7.2019228E+01  5.0681641E-01  2.3409749E-01    50.4977302     0.0325093
          7    2.0002257E-01  3.0008595E-01  1.0470926E+00  7.2751043E+01  4.4634349E-01  2.5028227E-01    50.4956364     0.0390112
          8    1.8456192E-01  3.5010028E-01  1.0435525E+00  7.3388485E+01  3.9786423E-01  2.5936047E-01    50.4936265     0.0455130
          9    1.6965592E-01  4.0011460E-01  1.0406880E+00  7.3925570E+01  3.5991872E-01  2.6236744E-01    50.4916888     0.0520149
         10    1.5520939E-01  4.5012893E-01  1.0384604E+00  7.4357744E+01  3.3123977E-01  2.6018255E-01    50.4898107     0.0585168

         11    1.4112439E-01  5.0014325E-01  1.0368325E+00  7.4682308E+01  3.1075561E-01  2.5352757E-01    50.4879797     0.0650186
         12    1.2730198E-01  5.5015758E-01  1.0357685E+00  7.4898702E+01  2.9758870E-01  2.4296849E-01    50.4861827     0.0715205
         13    1.1364411E-01  6.0017190E-01  1.0352346E+00  7.5008590E+01  2.9105011E-01  2.2892116E-01    50.4844072     0.0780223
         14    1.0005542E-01  6.5018623E-01  1.0352002E+00  7.5015712E+01  2.9062972E-01  2.1166043E-01    50.4826407     0.0845242
         15    8.6444956E-02  7.0020056E-01  1.0356377E+00  7.4925531E+01  2.9598320E-01  1.9133212E-01    50.4808713     0.0910261
         16    7.2727323E-02  7.5021488E-01  1.0365238E+00  7.4744736E+01  3.0691718E-01  1.6796608E-01    50.4790880     0.0975279
         17    5.8823548E-02  8.0022921E-01  1.0378392E+00  7.4480709E+01  3.2337420E-01  1.4148933E-01    50.4772806     0.1040298
         18    4.4661389E-02  8.5024353E-01  1.0395689E+00  7.4141015E+01  3.4541889E-01  1.1173767E-01    50.4754395     0.1105317
         19    3.0175285E-02  9.0025786E-01  1.0417028E+00  7.3732991E+01  3.7322646E-01  7.8465045E-02    50.4735563     0.1170335
         20    1.5305988E-02  9.5027218E-01  1.0442348E+00  7.3263452E+01  4.0707408E-01  4.1350138E-02    50.4716233     0.1235354

         21    0.0000000E+00  1.0002865E+00  1.0471638E+00  7.2738506E+01  4.4733546E-01  0.0000000E+00    50.4696335     0.1300372
1  Mach 6.5   INVISCID CONTOUR

  CHARACT   1
        POINT        X              Y          MACH NO.     MACH ANG.(D)      PSI (D)      FLOW ANG.(D)       X(IN)         Y(IN)

          1    1.7639240E+01  0.0000000E+00  6.5000000E+00  8.8498831E+00  8.8168161E+01  0.0000000E+00    52.7627347     0.0000000
          2    1.9031022E+01  2.1670013E-01  6.5000000E+00  8.8498831E+00  8.8168161E+01  0.0000000E+00    52.9436663     0.0281710
          3    2.0422804E+01  4.3340026E-01  6.5000000E+00  8.8498831E+00  8.8168161E+01  0.0000000E+00    53.1245979     0.0563420
          4    2.1814585E+01  6.5010039E-01  6.5000000E+00  8.8498831E+00  8.8168161E+01  0.0000000E+00    53.3055296     0.0845131
          5    2.3206367E+01  8.6680052E-01  6.5000000E+00  8.8498831E+00  8.8168161E+01  0.0000000E+00    53.4864612     0.1126841
          6    2.4598149E+01  1.0835007E+00  6.5000000E+00  8.8498831E+00  8.8168161E+01  0.0000000E+00    53.6673928     0.1408551
          7    2.5989931E+01  1.3002008E+00  6.5000000E+00  8.8498831E+00  8.8168161E+01  0.0000000E+00    53.8483245     0.1690261
          8    2.7381712E+01  1.5169009E+00  6.5000000E+00  8.8498831E+00  8.8168161E+01  0.0000000E+00    54.0292561     0.1971971
          9    2.8773494E+01  1.7336010E+00  6.5000000E+00  8.8498831E+00  8.8168161E+01  0.0000000E+00    54.2101877     0.2253681
         10    3.0165276E+01  1.9503012E+00  6.5000000E+00  8.8498831E+00  8.8168161E+01  0.0000000E+00    54.3911194     0.2535392

         11    3.1557058E+01  2.1670013E+00  6.5000000E+00  8.8498831E+00  8.8168161E+01  0.0000000E+00    54.5720510     0.2817102
         12    3.2948840E+01  2.3837014E+00  6.5000000E+00  8.8498831E+00  8.8168161E+01  0.0000000E+00    54.7529826     0.3098812
         13    3.4340621E+01  2.6004016E+00  6.5000000E+00  8.8498831E+00  8.8168161E+01  0.0000000E+00    54.9339143     0.3380522
         14    3.5732403E+01  2.8171017E+00  6.5000000E+00  8.8498831E+00  8.8168161E+01  0.0000000E+00    55.1148459     0.3662232
         15    3.7124185E+01  3.0338018E+00  6.5000000E+00  8.8498831E+00  8.8168161E+01  0.0000000E+00    55.2957775     0.3943942
         16    3.8515967E+01  3.2505020E+00  6.5000000E+00  8.8498831E+00  8.8168161E+01  0.0000000E+00    55.4767092     0.4225653
         17    3.9907749E+01  3.4672021E+00  6.5000000E+00  8.8498831E+00  8.8168161E+01  0.0000000E+00    55.6576408     0.4507363
         18    4.1299530E+01  3.6839022E+00  6.5000000E+00  8.8498831E+00  8.8168161E+01  0.0000000E+00    55.8385724     0.4789073
         19    4.2691312E+01  3.9006024E+00  6.5000000E+00  8.8498831E+00  8.8168161E+01  0.0000000E+00    56.0195041     0.5070783
         20    4.4083094E+01  4.1173025E+00  6.5000000E+00  8.8498831E+00  8.8168161E+01  0.0000000E+00    56.2004357     0.5352493

         21    4.5474876E+01  4.3340026E+00  6.5000000E+00  8.8498831E+00  8.8168161E+01  0.0000000E+00    56.3813673     0.5634203
         22    4.6866658E+01  4.5507028E+00  6.5000000E+00  8.8498831E+00  8.8168161E+01  0.0000000E+00    56.5622990     0.5915914
         23    4.8258439E+01  4.7674029E+00  6.5000000E+00  8.8498831E+00  8.8168161E+01  0.0000000E+00    56.7432306     0.6197624
         24    4.9650221E+01  4.9841030E+00  6.5000000E+00  8.8498831E+00  8.8168161E+01  0.0000000E+00    56.9241622     0.6479334
         25    5.1042003E+01  5.2008031E+00  6.5000000E+00  8.8498831E+00  8.8168161E+01  0.0000000E+00    57.1050939     0.6761044
         26    5.2433785E+01  5.4175033E+00  6.5000000E+00  8.8498831E+00  8.8168161E+01  0.0000000E+00    57.2860255     0.7042754
         27    5.3825567E+01  5.6342034E+00  6.5000000E+00  8.8498831E+00  8.8168161E+01  0.0000000E+00    57.4669571     0.7324464
         28    5.5217348E+01  5.8509035E+00  6.5000000E+00  8.8498831E+00  8.8168161E+01  0.0000000E+00    57.6478888     0.7606175
         29    5.6609130E+01  6.0676037E+00  6.5000000E+00  8.8498831E+00  8.8168161E+01  0.0000000E+00    57.8288204     0.7887885
         30    5.8000912E+01  6.2843038E+00  6.5000000E+00  8.8498831E+00  8.8168161E+01  0.0000000E+00    58.0097520     0.8169595

         31    5.9392694E+01  6.5010039E+00  6.5000000E+00  8.8498831E+00  8.8168161E+01  0.0000000E+00    58.1906837     0.8451305
         32    6.0784475E+01  6.7177041E+00  6.5000000E+00  8.8498831E+00  8.8168161E+01  0.0000000E+00    58.3716153     0.8733015
         33    6.2176257E+01  6.9344042E+00  6.5000000E+00  8.8498831E+00  8.8168161E+01  0.0000000E+00    58.5525469     0.9014725
         34    6.3568039E+01  7.1511043E+00  6.5000000E+00  8.8498831E+00  8.8168161E+01  0.0000000E+00    58.7334786     0.9296436
         35    6.4959821E+01  7.3678045E+00  6.5000000E+00  8.8498831E+00  8.8168161E+01  0.0000000E+00    58.9144102     0.9578146
         36    6.6351603E+01  7.5845046E+00  6.5000000E+00  8.8498831E+00  8.8168161E+01  0.0000000E+00    59.0953418     0.9859856
         37    6.7743384E+01  7.8012047E+00  6.5000000E+00  8.8498831E+00  8.8168161E+01  0.0000000E+00    59.2762735     1.0141566
         38    6.9135166E+01  8.0179049E+00  6.5000000E+00  8.8498831E+00  8.8168161E+01  0.0000000E+00    59.4572051     1.0423276
         39    7.0526948E+01  8.2346050E+00  6.5000000E+00  8.8498831E+00  8.8168161E+01  0.0000000E+00    59.6381367     1.0704986
         40    7.1918730E+01  8.4513051E+00  6.5000000E+00  8.8498831E+00  8.8168161E+01  0.0000000E+00    59.8190684     1.0986697

         41    7.3310512E+01  8.6680052E+00  6.5000000E+00  8.8498831E+00  8.8168161E+01  0.0000000E+00    60.0000000     1.1268407
         MASS = 1.0000000000

   Mach 6.5   INTERMEDIATE LEFT CHARACTERISTIC

  CHARACT  11
        POINT        X              Y          MACH NO.     MACH ANG.(D)      PSI (D)      FLOW ANG.(D)       X(IN)         Y(IN)

          1    5.2859025E+00  0.0000000E+00  3.6139560E+00  1.6063652E+01  6.0304744E+01  0.0000000E+00    51.1568008     0.0000000
          2    5.7100184E+00  1.2489840E-01  3.8344390E+00  1.5117201E+01  6.3530309E+01  1.6364018E+00    51.2119359     0.0162368
          3    6.0874638E+00  2.4080099E-01  4.0324382E+00  1.4358539E+01  6.6210767E+01  3.0272050E+00    51.2610038     0.0313041
          4    6.4242681E+00  3.4802679E-01  4.2071278E+00  1.3750351E+01  6.8420725E+01  4.1821120E+00    51.3047883     0.0452435
          5    6.7310724E+00  4.4864727E-01  4.3599473E+00  1.3259429E+01  7.0244238E+01  5.1226869E+00    51.3446729     0.0583241
          6    7.0213523E+00  5.4609437E-01  4.4936089E+00  1.2858162E+01  7.1760962E+01  5.8732129E+00    51.3824093     0.0709923
          7    7.3102063E+00  6.4474273E-01  4.6111674E+00  1.2524955E+01  7.3038296E+01  6.4552402E+00    51.4199603     0.0838166
          8    7.6135685E+00  7.4952228E-01  4.7152686E+00  1.2244097E+01  7.4127486E+01  6.8848715E+00    51.4593974     0.0974379
          9    7.9472090E+00  8.6540595E-01  4.8076498E+00  1.2005281E+01  7.5062615E+01  7.1731343E+00    51.5027707     0.1125028
         10    8.3243210E+00  9.9640379E-01  4.8890178E+00  1.1802576E+01  7.5862786E+01  7.3305132E+00    51.5517952     0.1295325

         11    8.7498982E+00  1.1435345E+00  4.9595600E+00  1.1632339E+01  7.6539343E+01  7.3771429E+00    51.6071203     0.1486595
         12    9.5692722E+00  1.4234223E+00  5.0595387E+00  1.1399365E+01  7.7471938E+01  7.3099237E+00    51.7136389     0.1850449
         13    1.0414341E+01  1.7071236E+00  5.1345461E+00  1.1230656E+01  7.8152095E+01  7.1750175E+00    51.8234978     0.2219261
         14    1.1275855E+01  1.9914594E+00  5.1938021E+00  1.1100888E+01  7.8677997E+01  7.0233331E+00    51.9354946     0.2588897
         15    1.2150194E+01  2.2754905E+00  5.2424157E+00  1.0996659E+01  7.9102117E+01  6.8719548E+00    52.0491587     0.2958138
         16    1.3035357E+01  2.5588847E+00  5.2834304E+00  1.0910242E+01  7.9454914E+01  6.7269924E+00    52.1642300     0.3326550
         17    1.3930025E+01  2.8415271E+00  5.3187803E+00  1.0836849E+01  7.9755360E+01  6.5904334E+00    52.2805367     0.3693985
         18    1.4833225E+01  3.1233903E+00  5.3497616E+00  1.0773339E+01  8.0015959E+01  6.4626103E+00    52.3979527     0.4060407
         19    1.5744197E+01  3.4044843E+00  5.3772803E+00  1.0717552E+01  8.0245332E+01  6.3431847E+00    52.5163791     0.4425830
         20    1.6662320E+01  3.6848350E+00  5.4019929E+00  1.0667946E+01  8.0449652E+01  6.2315655E+00    52.6357351     0.4790285

         21    1.7587071E+01  3.9644745E+00  5.4243888E+00  1.0623388E+01  8.0633473E+01  6.1270922E+00    52.7559527     0.5153817
         22    1.8518001E+01  4.2434363E+00  5.4448418E+00  1.0583021E+01  8.0800241E+01  6.0291155E+00    52.8769736     0.5516467
         23    1.9454720E+01  4.5217536E+00  5.4636440E+00  1.0546184E+01  8.0952624E+01  5.9370301E+00    52.9987471     0.5878280
         24    2.0396884E+01  4.7994577E+00  5.4810271E+00  1.0512356E+01  8.1092725E+01  5.8502869E+00    53.1212284     0.6239295
         25    2.1344188E+01  5.0765782E+00  5.4971781E+00  1.0481120E+01  8.1222229E+01  5.7683934E+00    53.2443779     0.6599552
         26    2.2296358E+01  5.3531423E+00  5.5122500E+00  1.0452139E+01  8.1342504E+01  5.6909117E+00    53.3681600     0.6959085
         27    2.3253147E+01  5.6291756E+00  5.5263695E+00  1.0425136E+01  8.1454678E+01  5.6174524E+00    53.4925426     0.7317928
         28    2.4214331E+01  5.9047015E+00  5.5396426E+00  1.0399879E+01  8.1559689E+01  5.5476700E+00    53.6174966     0.7676112
         29    2.5179708E+01  6.1797417E+00  5.5521588E+00  1.0376174E+01  8.1658323E+01  5.4812576E+00    53.7429955     0.8033664
         30    2.6149089E+01  6.4543162E+00  5.5639945E+00  1.0353858E+01  8.1751249E+01  5.4179417E+00    53.8690150     0.8390611

         31    2.7122304E+01  6.7284437E+00  5.5752150E+00  1.0332791E+01  8.1839038E+01  5.3574786E+00    53.9955330     0.8746977
         32    2.8099195E+01  7.0021414E+00  5.5858771E+00  1.0312853E+01  8.1922182E+01  5.2996501E+00    54.1225289     0.9102784
         33    2.9079616E+01  7.2754254E+00  5.5960301E+00  1.0293938E+01  8.2001107E+01  5.2442607E+00    54.2499836     0.9458053
         34    3.0063432E+01  7.5483107E+00  5.6057171E+00  1.0275956E+01  8.2076184E+01  5.1911344E+00    54.3778797     0.9812804
         35    3.1050517E+01  7.8208112E+00  5.6149763E+00  1.0258827E+01  8.2147740E+01  5.1401128E+00    54.5062007     1.0167055
         36    3.2040753E+01  8.0929400E+00  5.6238412E+00  1.0242481E+01  8.2216062E+01  5.0910524E+00    54.6349313     1.0520822
         37    3.3034030E+01  8.3647093E+00  5.6323417E+00  1.0226856E+01  8.2281405E+01  5.0438234E+00    54.7640574     1.0874122
         38    3.4030247E+01  8.6361307E+00  5.6405045E+00  1.0211898E+01  8.2343995E+01  4.9983076E+00    54.8935656     1.1226970
    CONTOUR    2.9307115E+01  7.3385277E+00  5.5982701E+00

   Mach 6.5   INTERMEDIATE LEFT CHARACTERISTIC

  CHARACT  21
        POINT        X              Y          MACH NO.     MACH ANG.(D)      PSI (D)      FLOW ANG.(D)       X(IN)         Y(IN)

          1    3.0913748E-01  0.0000000E+00  1.0847778E+00  6.7197722E+01  1.0529074E+00  0.0000000E+00    50.5098214     0.0000000
          2    3.4669636E-01  8.5635561E-02  1.1015027E+00  6.5210007E+01  1.3651659E+00  1.6255845E-01    50.5147040     0.0111326
          3    4.2877002E-01  2.5136598E-01  1.1428126E+00  6.1049011E+01  2.2215925E+00  6.5030219E-01    50.5253736     0.0326776
          4    5.3454325E-01  4.3320765E-01  1.2041015E+00  5.6149598E+01  3.6593993E+00  1.5395886E+00    50.5391241     0.0563170
          5    6.5139184E-01  6.0640973E-01  1.2817888E+00  5.1275199E+01  5.6754196E+00  2.8627284E+00    50.5543144     0.0788333
          6    7.6837693E-01  7.6057068E-01  1.3715833E+00  4.6809693E+01  8.1727163E+00  4.5794834E+00    50.5695225     0.0988742
          7    8.7540846E-01  8.9027960E-01  1.4680835E+00  4.2934369E+01  1.0967274E+01  6.5827587E+00    50.5834366     0.1157363
          8    9.6446028E-01  9.9265755E-01  1.5651357E+00  3.9711499E+01  1.3828876E+01  8.7239258E+00    50.5950133     0.1290455
          9    1.0310718E+00  1.0671754E+00  1.6567953E+00  3.7126360E+01  1.6538346E+01  1.0849044E+01    50.6036728     0.1387328
         10    1.0749714E+00  1.1158648E+00  1.7384650E+00  3.5115046E+01  1.8936538E+01  1.2832280E+01    50.6093798     0.1450624

         11    1.0993840E+00  1.1430394E+00  1.8076747E+00  3.3586610E+01  2.0946761E+01  1.4595065E+01    50.6125534     0.1485951
         12    1.1094675E+00  1.1543831E+00  1.8642039E+00  3.2440401E+01  2.2569148E+01  1.6108368E+01    50.6138643     0.1500698
         13    1.1107237E+00  1.1558158E+00  1.9096346E+00  3.1578104E+01  2.3858397E+01  1.7383190E+01    50.6140276     0.1502561
         14    1.1079855E+00  1.1526475E+00  1.9466564E+00  3.0910690E+01  2.4898560E+01  1.8456517E+01    50.6136716     0.1498442
         15    1.1051060E+00  1.1492696E+00  1.9784382E+00  3.0361176E+01  2.5783610E+01  1.9378064E+01    50.6132973     0.1494050
         16    1.1051660E+00  1.1493409E+00  2.0082323E+00  2.9864490E+01  2.6606435E+01  2.0200100E+01    50.6133051     0.1494143
         17    1.1109507E+00  1.1562840E+00  2.0392036E+00  2.9366055E+01  2.7454514E+01  2.0970153E+01    50.6140571     0.1503169
         18    1.1254873E+00  1.1738817E+00  2.0743509E+00  2.8821242E+01  2.8407746E+01  2.1724739E+01    50.6159468     0.1526046
         19    1.1524271E+00  1.2066942E+00  2.1162873E+00  2.8198367E+01  2.9532012E+01  2.2482006E+01    50.6194490     0.1568702
         20    1.1958447E+00  1.2597413E+00  2.1665868E+00  2.7487525E+01  3.0861270E+01  2.3233369E+01    50.6250933     0.1637664

    CONTOUR    1.0630096E+00  1.1025978E+00  1.7162115E+00

   Mach 6.5   INTERMEDIATE LEFT CHARACTERISTIC

  CHARACT  31
        POINT        X              Y          MACH NO.     MACH ANG.(D)      PSI (D)      FLOW ANG.(D)       X(IN)         Y(IN)

         11    1.4112439E-01  5.0014325E-01  1.0368325E+00  7.4682308E+01  3.1075561E-01  2.5352757E-01    50.4879797     0.0650186
         12    1.6024334E-01  5.6573572E-01  1.0517482E+00  7.1952121E+01  5.1262789E-01  4.1487947E-01    50.4904651     0.0735456
         13    2.0661255E-01  6.9489001E-01  1.0889098E+00  6.6686006E+01  1.1279146E+00  9.0065949E-01    50.4964931     0.0903357
         14    2.7218069E-01  8.3789160E-01  1.1443438E+00  6.0910726E+01  2.2553285E+00  1.7878109E+00    50.5050170     0.1089259
         15    3.4820712E-01  9.7360205E-01  1.2147955E+00  5.5404791E+01  3.9260161E+00  3.1091407E+00    50.5149004     0.1265683
         16    4.2515552E-01  1.0920096E+00  1.2961655E+00  5.0489360E+01  6.0655123E+00  4.8228198E+00    50.5249037     0.1419612
         17    4.9397865E-01  1.1875884E+00  1.3832295E+00  4.6298233E+01  8.5053668E+00  6.8183980E+00    50.5338507     0.1543865
    CONTOUR    3.7320035E-01  1.0120614E+00  1.2412248E+00

   Mach 6.5      UPSTREAM CONTOUR, SMOOTHED   50 TIMES WITH FACTOR=0.85

                                   X           Y-CALC       Y-IN          DIFF

                         1      0.0000000    1.0002865    1.0002865    0.0000000       1
                         2      0.0321133    1.0003890    1.0003485    0.0000406       2
                         3      0.0645128    1.0006550    1.0006347    0.0000202       3
                         4      0.0987604    1.0011135    1.0011190   -0.0000054       4
                         5      0.1337072    1.0017705    1.0018644   -0.0000940       5
                         6      0.1686038    1.0026275    1.0028287   -0.0002012       6
                         7      0.2062756    1.0037892    1.0035994    0.0001898       7
                         8      0.2454935    1.0052725    1.0051628    0.0001098       8
                         9      0.2856021    1.0070772    1.0070724    0.0000048       9
                        10      0.3273010    1.0092583    1.0093114   -0.0000531      10

                        11      0.3732003    1.0120020    1.0120614   -0.0000594      11
                        12      0.4211961    1.0152380    1.0154399   -0.0002019      12
                        13      0.4716359    1.0190458    1.0194562   -0.0004104      13
                        14      0.5256322    1.0235935    1.0233008    0.0002927      14
                        15      0.5849101    1.0291908    1.0290966    0.0000942      15
                        16      0.6482348    1.0359554    1.0360994   -0.0001441      16
                        17      0.7171114    1.0443231    1.0444708   -0.0001477      17
                        18      0.7923479    1.0547679    1.0548324   -0.0000645      18
                        19      0.8735502    1.0676145    1.0667787    0.0008357      19
                        20      0.9636039    1.0836457    1.0825593    0.0010863      20

                        21      1.0630096    1.1032128    1.1025978    0.0006150      21
                        22      1.2674472    1.1484401    1.1624514   -0.0140113      22
                        23      1.8281299    1.2969295    1.4024827   -0.1055532      23
                        24      2.7244683    1.5895809    1.7949225   -0.2053416      24
                        25      4.0389672    2.0822966    2.3401273   -0.2578307      25
                        26      5.9138835    2.7975241    3.0348428   -0.2373188      26
                        27      8.5309079    3.7484032    3.8603482   -0.1119449      27
                        28     12.0904158    4.8176729    4.7762552    0.0414177      28
                        29     16.7501352    5.8330441    5.7158658    0.1171782      29
                        30     22.5460354    6.7008422    6.5960945    0.1047477      30

                        31     29.3071151    7.3720953    7.3385277    0.0335676      31
                        32     36.6373593    7.8959437    7.8959437    0.0000000      32
                        33     43.9845328    8.2653182    8.2653182    0.0000000      33
                        34     50.7969934    8.4805945    8.4805945    0.0000000      34
                        35     56.6741257    8.5908130    8.5908130    0.0000000      35
                        36     61.4448677    8.6403393    8.6403393    0.0000000      36
                        37     65.1430478    8.6596671    8.6596671    0.0000000      37
                        38     67.9364015    8.6660443    8.6660443    0.0000000      38
                        39     70.0559820    8.6676989    8.6676989    0.0000000      39
                        40     71.7585308    8.6679852    8.6679852    0.0000000      40

                        41     73.3105116    8.6680052    8.6680052    0.0000000      41
                           MAX. ABSOLUTE ERROR =   0.257831     AT POINT    25

   Mach 6.5   INTERMEDIATE RIGHT CHARACTERISTIC

         LAST
        POINT        X              Y          MACH NO.      MACH ANG.(D)     PSI (D)     FLOW ANG.(D)        X(IN)         Y(IN)

          1    1.7639240E+01  0.0000000E+00  6.5000000E+00  8.8498831E+00  8.8168161E+01  0.0000000E+00    52.7627347     0.0000000
          2    1.6874242E+01  1.1905746E-01  6.4970648E+00  8.8539134E+00  8.8150569E+01  1.1724187E-02    52.6632849     0.0154775
          3    1.6130558E+01  2.3437717E-01  6.4788959E+00  8.8789430E+00  8.8041366E+01  9.2341790E-02    52.5666060     0.0304690
          4    1.5388617E+01  3.4817339E-01  6.4351437E+00  8.9398035E+00  8.7776167E+01  2.8669482E-01    52.4701537     0.0452625
          5    1.4625140E+01  4.6277889E-01  6.3583807E+00  9.0486320E+00  8.7303130E+01  6.2796076E-01    52.3709016     0.0601613
          6    1.3817610E+01  5.7981873E-01  6.2424682E+00  9.2181016E+00  8.6569551E+01  1.1453778E+00    52.2659228     0.0753764
          7    1.2947335E+01  6.9955649E-01  6.0821078E+00  9.4633503E+00  8.5514572E+01  1.8685119E+00    52.1527870     0.0909423
          8    1.2002211E+01  8.2038149E-01  5.8733179E+00  9.8030244E+00  8.4066519E+01  2.8278944E+00    52.0299209     0.1066496
          9    1.0979505E+01  9.3855540E-01  5.6144966E+00  1.0259713E+01  8.2144038E+01  4.0528170E+00    51.8969691     0.1220122
         10    9.8882001E+00  1.0484544E+00  5.3076823E+00  1.0859784E+01  7.9661394E+01  5.5663305E+00    51.7550995     0.1362991

         11    8.7498982E+00  1.1435345E+00  4.9595600E+00  1.1632339E+01  7.6539343E+01  7.3771429E+00    51.6071203     0.1486595
         12    7.5971890E+00  1.2180171E+00  4.5817309E+00  1.2606745E+01  7.2723262E+01  9.4685606E+00    51.4572681     0.1583422
         13    6.4690076E+00  1.2688562E+00  4.1898811E+00  1.3808071E+01  6.8208654E+01  1.1786416E+01    51.3106045     0.1649513
         14    5.4038425E+00  1.2971300E+00  3.8018157E+00  1.5250059E+01  6.3069604E+01  1.4230939E+01    51.1721330     0.1686269
         15    4.4330089E+00  1.3080200E+00  3.4348157E+00  1.6926005E+01  5.7479351E+01  1.6659835E+01    51.0459246     0.1700426
         16    3.5765670E+00  1.3091967E+00  3.1031874E+00  1.8799008E+01  5.1708867E+01  1.8907739E+01    50.9345872     0.1701956
         17    2.8433359E+00  1.3083383E+00  2.8168684E+00  2.0793699E+01  4.6096291E+01  2.0819126E+01    50.8392672     0.1700840
         18    2.2347646E+00  1.3109009E+00  2.5815140E+00  2.2790926E+01  4.0997577E+01  2.2282987E+01    50.7601529     0.1704171
         19    1.7520273E+00  1.3187985E+00  2.4000783E+00  2.4623462E+01  3.6748426E+01  2.3256954E+01    50.6973970     0.1714438
         20    1.4085097E+00  1.3297393E+00  2.2764087E+00  2.6058489E+01  3.3688918E+01  2.3776778E+01    50.6527397     0.1728661

1  Mach 6.5   INVISCID CONTOUR

  RC=   6.000000   ETAD= 60.0000 DEG   AMACH= 6.5000000   BMACH= 6.5000000   CMACH= 6.5000000   EMACH= 6.5000000   GMACH=  0.0000000

         WALL
        POINT        X              Y          MACH NO.      FLOW ANG.(D)     WALTAN         SECDIF

          1    0.0000000E+00  1.0002865E+00  1.0471638E+00  0.0000000E+00  0.0000000E+00  1.6661893E-01
          2    3.2113263E-02  1.0003890E+00  1.0631253E+00  3.2595882E-01  5.6891161E-03  1.6636923E-01
          3    6.4512774E-02  1.0006550E+00  1.0789539E+00  6.1457317E-01  1.0726737E-02  1.5569977E-01
          4    9.8760431E-02  1.0011135E+00  1.0965135E+00  9.2048539E-01  1.6066883E-02  1.5825849E-01
          5    1.3370723E-01  1.0017705E+00  1.1142619E+00  1.2420146E+00  2.1680639E-02  1.6482033E-01
          6    1.6860381E-01  1.0026275E+00  1.1312634E+00  1.5797067E+00  2.7578071E-02  1.7302622E-01
          7    2.0627561E-01  1.0037892E+00  1.1513883E+00  1.9621929E+00  3.4260122E-02  1.7928082E-01
          8    2.4549355E-01  1.0052725E+00  1.1723590E+00  2.3689149E+00  4.1368940E-02  1.8052396E-01
          9    2.8560209E-01  1.0070772E+00  1.1931180E+00  2.7811921E+00  4.8579120E-02  1.7725404E-01
         10    3.2730096E-01  1.0092583E+00  1.2146308E+00  3.1973043E+00  5.5861483E-02  1.7087424E-01

         11    3.7320035E-01  1.0120020E+00  1.2412248E+00  3.6342117E+00  6.3514160E-02  1.6510407E-01
         12    4.2119606E-01  1.0152380E+00  1.2682154E+00  4.0815361E+00  7.1356986E-02  1.6446548E-01
         13    4.7163593E-01  1.0190458E+00  1.2957722E+00  4.5573380E+00  7.9708721E-02  1.6948059E-01
         14    5.2563216E-01  1.0235935E+00  1.3273099E+00  5.0907908E+00  8.9085614E-02  1.8201871E-01
         15    5.8491011E-01  1.0291908E+00  1.3638877E+00  5.7343827E+00  1.0041938E-01  2.0128622E-01
         16    6.4823482E-01  1.0359554E+00  1.4018072E+00  6.4950609E+00  1.1384829E-01  2.2124677E-01
         17    7.1711139E-01  1.0443231E+00  1.4465683E+00  7.3942294E+00  1.2977491E-01  2.3742051E-01
         18    7.9234789E-01  1.0547679E+00  1.4977865E+00  8.4268488E+00  1.4814600E-01  2.4195953E-01
         19    8.7355020E-01  1.0676145E+00  1.5547310E+00  9.5143036E+00  1.6759925E-01  2.2793915E-01
         20    9.6360388E-01  1.0836457E+00  1.6254132E+00  1.0590036E+01  1.8696492E-01  1.9820403E-01

         21    1.0630096E+00  1.1032128E+00  1.7162115E+00  1.1575201E+01  2.0481950E-01  1.6575657E-01
         22    1.2674472E+00  1.1484401E+00  2.1288174E+00  1.3109408E+01  2.3288038E-01  1.2712028E-01
         23    1.8281299E+00  1.2969295E+00  2.4460981E+00  1.6096251E+01  2.8856429E-01  8.5794935E-02
         24    2.7244683E+00  1.5895809E+00  2.7992970E+00  1.9090377E+01  3.4609296E-01  4.7868549E-02
         25    4.0389672E+00  2.0822966E+00  3.1794516E+00  2.0684946E+01  3.7756828E-01  1.3270810E-02
         26    5.9138835E+00  2.7975241E+00  3.5817132E+00  2.0501027E+01  3.7390511E-01 -7.0764624E-03
         27    8.5309079E+00  3.7484032E+00  4.0027731E+00  1.8607008E+01  3.3667335E-01 -1.6769425E-02
         28    1.2090416E+01  4.8176729E+00  4.4323341E+00  1.4824683E+01  2.6467232E-01 -1.8638267E-02
         29    1.6750135E+01  5.8330441E+00  4.8548653E+00  1.0620730E+01  1.8751941E-01 -1.3874723E-02
         30    2.2546035E+01  6.7008422E+00  5.2501307E+00  7.2063934E+00  1.2644275E-01 -8.4393618E-03

         31    2.9307115E+01  7.3720953E+00  5.5982701E+00  4.9116321E+00  8.5934757E-02 -4.7565527E-03
         32    3.6637359E+01  7.8959437E+00  5.8845727E+00  3.4839465E+00  6.0881391E-02 -3.0905351E-03
         33    4.3984533E+01  8.2653182E+00  6.1037208E+00  2.3240609E+00  4.0584775E-02 -2.5387048E-03
         34    5.0796993E+01  8.4805945E+00  6.2599246E+00  1.4151259E+00  2.4703630E-02 -2.0453115E-03
         35    5.6674126E+01  8.5908130E+00  6.3640665E+00  8.0968072E-01  1.4132535E-02 -1.5758683E-03
         36    6.1444868E+01  8.6403393E+00  6.4292195E+00  4.2841270E-01  7.4773516E-03 -1.2074673E-03
         37    6.5143048E+01  8.6596671E+00  6.4673326E+00  2.0337220E-01  3.5495293E-03 -8.8954533E-04
         38    6.7936401E+01  8.6660443E+00  6.4876673E+00  8.1863057E-02  1.4287809E-03 -5.9251876E-04
         39    7.0055982E+01  8.6676989E+00  6.4968687E+00  2.5266698E-02  4.4098711E-04 -3.2290946E-04
         40    7.1758531E+01  8.6679852E+00  6.4997284E+00  4.9818007E-03  8.6948826E-05 -1.2847096E-04

         41    7.3310512E+01  8.6680052E+00  6.5000000E+00  0.0000000E+00  0.0000000E+00  0.0000000E+00

1  Mach 6.5   INVISCID CONTOUR

  RC=   6.000000   ETAD= 60.0000 DEG   AMACH= 6.5000000   BMACH= 6.5000000   CMACH= 6.5000000   EMACH= 6.5000000   GMACH=  0.0000000

          POINT X/YO        Y/YO       INT.Y/YO       PAR/YO       HYP/YO       C(Y)           C(YI)          C(YP)

            1    0.0000000    1.0000000    0.9844518    1.0000000    1.0000000
            2    0.0321041    1.0001025    0.9845414    1.0000859    1.0000859  -5.021732E-01   4.697812E+02  -1.094557E-01
            3    0.0644943    1.0003684    0.9848084    1.0003466    1.0003466  -8.098105E-02   5.792132E+01   1.788080E-03
            4    0.0987321    1.0008268    0.9852856    1.0008123    1.0008120  -1.500912E-02   1.613265E+01   1.328385E-02
            5    0.1336689    1.0014836    0.9859822    1.0014889    1.0014878   2.259565E-03   6.492760E+00   1.114723E-02
            6    0.1685555    1.0023403    0.9868735    1.0023676    1.0023648   5.694955E-03   3.235473E+00   6.036573E-03
            7    0.2062165    1.0035017    0.9880654    1.0035438    1.0035375   4.797823E-03   1.765043E+00   8.567334E-04
            8    0.2454232    1.0049846    0.9895801    1.0050194    1.0050068   2.352687E-03   1.044431E+00  -2.573733E-03
            9    0.2855203    1.0067888    0.9913998    1.0067935    1.0067706   2.014950E-04   6.613513E-01  -4.057830E-03
           10    0.3272072    1.0089692    0.9935605    1.0089220    1.0088826  -1.346447E-03   4.384965E-01  -4.131303E-03

           11    0.3730935    1.0117121    0.9962923    1.0115999    1.0115334  -2.161327E-03   2.947503E-01  -3.189487E-03
           12    0.4210754    1.0149472    0.9995745    1.0147754    1.0146678  -2.301461E-03   2.036055E-01  -2.214176E-03
           13    0.4715008    1.0187539    1.0034517    1.0185261    1.0183576  -2.173478E-03   1.438109E-01  -1.687182E-03
           14    0.5254816    1.0233003    1.0080897    1.0230109    1.0227521  -1.994563E-03   1.028325E-01  -1.817189E-03
           15    0.5847426    1.0288960    1.0138197    1.0284937    1.0280989  -2.012281E-03   7.339262E-02  -2.887855E-03
           16    0.6480492    1.0356586    1.0206744    1.0349973    1.0344054  -2.429960E-03   5.262702E-02  -4.635352E-03
           17    0.7169060    1.0440240    1.0290139    1.0428295    1.0419496  -3.241738E-03   3.749583E-02  -6.674122E-03
           18    0.7921209    1.0544658    1.0392756    1.0522880    1.0509881  -4.381752E-03   2.618071E-02  -8.566794E-03
           19    0.8733000    1.0673087    1.0517452    1.0635544    1.0616538  -5.636831E-03   1.773096E-02  -9.637086E-03
           20    0.9633279    1.0833353    1.0674051    1.0773334    1.0745542  -6.713753E-03   1.110588E-02  -9.486442E-03

           21    1.0627051    1.1028968    1.0874256    1.0941118    1.0900567  -7.319807E-03   5.571119E-03  -8.176437E-03
           22    1.2670841    1.1481112    1.1519372    1.1337918    1.1258702  -7.038939E-03  -8.919697E-03  -4.505276E-03
           23    1.8276063    1.2965581    1.4173680    1.2783454    1.2476742  -2.983497E-03  -2.277390E-02   1.600406E-03
           24    2.7236880    1.5891256    1.8072523    1.6182063    1.4954640   1.439242E-03  -9.356110E-03   4.846235E-03
           25    4.0378103    2.0817002    2.3540965    2.3586593    1.9280349   4.207053E-03   6.931025E-05   6.039452E-03
           26    5.9121896    2.7967228    3.0474578    3.9128322    2.6125972   5.400845E-03   4.187540E-03   5.831093E-03
           27    8.5284645    3.7473296    3.8712237    7.0612255    3.6224924   5.342276E-03   5.142549E-03   4.971205E-03
           28   12.0869528    4.8162930    4.7863746   13.1745356    5.0347861   4.733305E-03   4.750248E-03   3.992440E-03
           29   16.7453375    5.8313733    5.7213396   24.3671940    6.9090077   3.947572E-03   3.971006E-03   3.094759E-03
           30   22.5395777    6.6989230    6.6013370   43.3360468    9.2559221   3.199514E-03   3.208036E-03   2.381838E-03

           31   29.2987208    7.3699838    7.3395994   72.5345865   12.0028819   2.590990E-03   2.592198E-03   1.862807E-03
           32   36.6268654    7.8936821    7.8966508  112.7939393   14.9862563   2.134899E-03   2.134838E-03   1.501671E-03
           33   43.9719345    8.2629508    8.2642633  162.1275854   17.9792984   1.809723E-03   1.809708E-03   1.256435E-03
           34   50.7824438    8.4781655    8.4791677  215.9047166   20.7559493   1.583885E-03   1.583877E-03   1.090798E-03
           35   56.6578928    8.5883524    8.5889499  268.5097351   23.1520943   1.429094E-03   1.429091E-03   9.790765E-04
           36   61.4272683    8.6378645    8.6382237  315.4424412   25.0975075   1.323665E-03   1.323664E-03   9.037514E-04
           37   65.1243892    8.6571867    8.6574318  354.4321722   26.6057201   1.251880E-03   1.251879E-03   8.527894E-04
           38   67.9169427    8.6635622    8.6636724  385.3925927   27.7450029   1.202527E-03   1.202526E-03   8.178893E-04
           39   70.0359162    8.6652162    8.6652696  409.7524627   28.6095251   1.167552E-03   1.167552E-03   7.932138E-04
           40   71.7379774    8.6655025    8.6655305  429.8614499   29.3039741   1.140872E-03   1.140872E-03   7.744176E-04

           41   73.2895136    8.6655225    8.6655225  448.6127340   29.9370250   1.117571E-03   1.117571E-03   7.580287E-04
          ICY =   -469279065
   Mach 6.5  BOUNDARY LAYER CALCULATIONS, STAGNATION PRESSURE= 120.PSI, STAGNATION TEMPERATURE=1000. DEG R, N BASED ON RE,DELTA


      PARABOLIC TEMPERATURE DISTRIBUTION      MODIF. SPALDING-CHI REFERENCE TEMP      VAN DRIEST REFERENCE REYNOLDS NUMBER

      TW    TE    TAW    TP    RE/IN    RTHI    FRD     KCF1    KCF     RCFS     H      HI     FMY     KTHP THETA-1  DELTA  DELTA*-1

   1 540.0 820.1  981.3 625.6  1435831   1185 1.35708 4.00546 5.25120 5.25120  0.5969 1.3951 4.36106 0.00000 0.000602 0.0044 0.000359
    X= 50.470,   DSU= 0.00036,   THU=0.0006082,   CTH=0.0006035,   HU=  0.595431,   H=  0.596879,   CH=  0.596321,   N= 5.06215
   2 540.0 815.6  980.8 624.3  1439324   1183 1.35189 4.00669 5.23463 5.23472  0.6054 1.3950 4.33394 0.00801 0.000602 0.0044 0.000364
    X= 50.474,   DSU= 0.00037,   THU=0.0006082,   CTH=0.0006035,   HU=  0.603915,   H=  0.605372,   CH=  0.604818,   N= 5.06361
   3 540.0 811.1  980.4 623.0  1442310   1182 1.34671 4.00817 5.21840 5.21870  0.6139 1.3949 4.27700 0.03397 0.000602 0.0044 0.000370
    X= 50.478,   DSU= 0.00037,   THU=0.0006083,   CTH=0.0006035,   HU=  0.612457,   H=  0.613925,   CH=  0.613375,   N= 5.06498
   4 540.0 806.1  979.8 621.6  1445078   1179 1.34092 4.01002 5.20051 5.20118  0.6236 1.3948 4.22513 0.05556 0.000602 0.0044 0.000376
   5 540.0 801.1  979.3 620.2  1447307   1177 1.33503 4.01190 5.18228 5.18349  0.6335 1.3946 3.99615 0.18274 0.000603 0.0044 0.000382
   6 540.0 796.2  978.8 618.8  1448919   1175 1.32935 4.01335 5.16422 5.16618  0.6431 1.3945 3.97450 0.18346 0.000604 0.0044 0.000388
   7 540.0 790.4  978.2 617.1  1450182   1172 1.32258 4.01598 5.14385 5.14687  0.6547 1.3944 4.01342 0.14708 0.000605 0.0045 0.000396
   8 540.0 784.4  977.6 615.4  1450778   1168 1.31548 4.01913 5.12295 5.12733  0.6670 1.3943 3.81728 0.25241 0.000605 0.0045 0.000404
   9 540.0 778.4  977.0 613.6  1450667   1164 1.30840 4.02167 5.10131 5.10733  0.6794 1.3941 3.62780 0.35125 0.000607 0.0045 0.000412
  10 540.0 772.2  976.3 611.9  1449841   1161 1.30102 4.02451 5.07898 5.08690  0.6924 1.3940 3.67617 0.30476 0.000609 0.0045 0.000422
    X= 50.512,   DSU= 0.00043,   THU=0.0006154,   CTH=0.0006104,   HU=  0.690848,   H=  0.692411,   CH=  0.691917,   N= 5.07634
  11 540.0 764.5  975.5 609.6  1447858   1154 1.29185 4.02966 5.05316 5.06334  0.7089 1.3939 3.64348 0.30659 0.000611 0.0046 0.000433
  12 540.0 756.6  974.7 607.3  1444808   1148 1.28247 4.03488 5.02667 5.03945  0.7260 1.3937 3.38493 0.44489 0.000613 0.0046 0.000445
  13 540.0 748.6  973.9 605.0  1440667   1142 1.27284 4.03964 4.99862 5.01448  0.7438 1.3936 3.27321 0.49041 0.000616 0.0047 0.000458
  14 540.0 739.5  972.9 602.3  1434726   1134 1.26175 4.04641 4.96783 4.98750  0.7647 1.3934 3.24743 0.48170 0.000620 0.0047 0.000474
  15 540.0 728.8  971.8 599.2  1426330   1123 1.24881 4.05557 4.93328 4.95809  0.7896 1.3932 3.07419 0.56233 0.000623 0.0048 0.000492
  16 540.0 717.9  970.7 595.9  1416046   1111 1.23533 4.06502 4.89696 4.92859  0.8160 1.3931 2.93464 0.62004 0.000628 0.0048 0.000513
  17 540.0 705.0  969.3 592.1  1402017   1096 1.21934 4.07807 4.85579 4.89651  0.8482 1.3929 2.83865 0.64815 0.000634 0.0049 0.000538
  18 540.0 690.3  967.8 587.6  1383716   1077 1.20096 4.09491 4.81025 4.86274  0.8863 1.3928 2.65458 0.73034 0.000641 0.0050 0.000568
  19 540.0 674.1  966.1 582.7  1360906   1054 1.18047 4.11497 4.76035 4.82674  0.9302 1.3927 2.47532 0.80698 0.000649 0.0051 0.000604
  20 540.0 654.3  964.0 576.6  1329561   1024 1.15501 4.14345 4.70143 4.78289  0.9870 1.3926 2.23097 0.92120 0.000659 0.0052 0.000650
    X= 50.595,   DSU= 0.00066,   THU=0.0006665,   CTH=0.0006605,   HU=  0.985076,   H=  0.986994,   CH=  0.986964,   N= 5.09465
  21 540.0 629.3  961.4 568.9  1285405    981 1.12236 4.18502 4.62969 4.72580  1.0637 1.3925 1.85348 1.11720 0.000672 0.0054 0.000715
  22 540.0 524.6  950.6 534.8  1059933    761 0.97785 4.44723 4.36187 4.47858  1.4648 1.3936-1.73723 3.49847 0.000725 0.0063 0.001062
  23 540.0 455.2  943.3 510.8   890261    877 0.87437 4.29794 3.83053 3.98683  1.8211 1.3854 0.16450 1.81166 0.001105 0.0104 0.002012
  24 540.0 389.5  936.5 486.6   725377    541 0.76937 4.84543 3.87896 4.10470  2.2921 1.3929 0.34127 1.72630 0.000955 0.0095 0.002190
  25 540.0 330.9  930.4 463.5   580890    568 0.66912 4.78599 3.41679 3.65222  2.8494 1.3859 0.30652 1.38661 0.001434 0.0156 0.004086
  26 540.0 280.4  925.2 442.3   461851    464 0.57700 5.04366 3.19802 3.41426  3.5223 1.3851 0.18251 1.39499 0.001710 0.0202 0.006024
  27 540.0 237.8  920.7 423.1   367277    411 0.49463 5.21078 2.92933 3.09089  4.3057 1.3819 0.05202 1.43009 0.002217 0.0287 0.009547
  28 540.0 202.9  917.1 406.2   294724    369 0.42359 5.36576 2.67996 2.77224  5.1906 1.3782-0.04964 1.52956 0.002890 0.0411 0.014999
  29 540.0 175.0  914.2 391.8   240217    348 0.36543 5.45532 2.43666 2.47913  6.1438 1.3735-0.09773 1.61582 0.003850 0.0603 0.023652
  30 540.0 153.5  912.0 380.1   199957    338 0.32061 5.49819 2.22125 2.23894  7.1104 1.3685-0.10596 1.65830 0.005085 0.0871 0.036159
    X= 53.401,   DSU= 0.03739,   THU=0.0052730,   CTH=0.0050997,   HU=  7.091593,   H=  7.110359,   CH=  7.236482,   N= 5.42686
  31 540.0 137.6  910.3 370.9   171201    337 0.28729 5.50374 2.04190 2.04943  8.0220 1.3638-0.09382 1.63814 0.006539 0.1215 0.052453
  32 540.0 126.2  909.1 364.0   151337    341 0.26345 5.48662 1.90196 1.90548  8.8143 1.3596-0.07599 1.56581 0.008068 0.1605 0.071113
  33 540.0 118.3  908.3 359.1   138060    348 0.24707 5.45403 1.79724 1.79872  9.4470 1.3561-0.06325 1.50210 0.009530 0.2001 0.090026
  34 540.0 113.2  907.8 355.8   129487    358 0.23627 5.40910 1.72034 1.72087  9.9118 1.3533-0.05395 1.44492 0.010835 0.2370 0.107391
  35 540.0 109.9  907.4 353.7   124144    370 0.22945 5.36104 1.66572 1.66589 10.2282 1.3511-0.04547 1.37461 0.011913 0.2684 0.121852
  36 540.0 107.9  907.2 352.4   120943    381 0.22532 5.31719 1.62834 1.62839 10.4287 1.3495-0.03727 1.28901 0.012741 0.2928 0.132872
  37 540.0 106.8  907.1 351.6   119119    391 0.22296 5.28082 1.60363 1.60364 10.5468 1.3483-0.02876 1.18538 0.013337 0.3105 0.140664
  38 540.0 106.2  907.0 351.2   118161    399 0.22171 5.25208 1.58776 1.58776 10.6100 1.3475-0.01955 1.06260 0.013746 0.3225 0.145847
  39 540.0 105.9  907.0 351.0   117730    405 0.22115 5.22932 1.57768 1.57768 10.6384 1.3470-0.01023 0.93233 0.014022 0.3304 0.149170
  40 540.0 105.8  907.0 351.0   117597    411 0.22097 5.21021 1.57093 1.57093 10.6470 1.3466-0.00323 0.83141 0.014217 0.3358 0.151372
    X= 59.798,   DSU= 0.16722,   THU=0.0158156,   CTH=0.0142967,   HU= 10.573368,   H= 10.646967,   CH= 11.295865,   N= 5.77081
  41 540.0 105.8  907.0 351.0   117584    416 0.22096 5.19275 1.56557 1.56557 10.6474 1.3462 0.00000 0.78279 0.014379 0.3402 0.153103
    X= 60.000,   DELTA*= 0.1634568,   THETA=0.0144605,   H= 11.303711,   N= 5.7764958,   DELTA=  0.3402044,   RE/FT=   1411007.

                                   RE,THETA=    1700.,   LOG= 3.23053,                RE,DELTA=     40003.,   LOG= 4.60209

   Mach 6.5  BOUNDARY LAYER CALCULATIONS, STAGNATION PRESSURE= 120.PSI, STAGNATION TEMPERATURE=1000. DEG R, N BASED ON RE,DELTA


      PARABOLIC TEMPERATURE DISTRIBUTION      MODIF. SPALDING-CHI REFERENCE TEMP      VAN DRIEST REFERENCE REYNOLDS NUMBER

      TW    TE    TAW    TP    RE/IN    RTHI    FRD     KCF1    KCF     RCFS     H      HI     FMY     KTHP THETA-1  DELTA  DELTA*-1

   1 540.0 820.1  981.3 625.6  1435831   1183 1.35708 4.00709 5.25334 5.25334  0.5969 1.3951 4.37052 0.00000 0.000601 0.0044 0.000359
    X= 50.470,   DSU= 0.00036,   THU=0.0006071,   CTH=0.0006024,   HU=  0.595464,   H=  0.596910,   CH=  0.596352,   N= 5.06157
   2 540.0 815.6  980.8 624.3  1439324   1181 1.35189 4.00832 5.23676 5.23689  0.6054 1.3950 4.34339 0.00801 0.000601 0.0044 0.000364
    X= 50.474,   DSU= 0.00037,   THU=0.0006071,   CTH=0.0006024,   HU=  0.603948,   H=  0.605403,   CH=  0.604850,   N= 5.06302
   3 540.0 811.1  980.4 623.0  1442310   1179 1.34671 4.00980 5.22053 5.22090  0.6140 1.3949 4.28674 0.03374 0.000601 0.0044 0.000369
    X= 50.478,   DSU= 0.00037,   THU=0.0006072,   CTH=0.0006025,   HU=  0.612491,   H=  0.613956,   CH=  0.613407,   N= 5.06439
   4 540.0 806.1  979.8 621.6  1445078   1177 1.34092 4.01166 5.20263 5.20342  0.6236 1.3948 4.23531 0.05504 0.000601 0.0044 0.000375
   5 540.0 801.1  979.3 620.2  1447307   1175 1.33503 4.01354 5.18439 5.18578  0.6335 1.3947 4.00653 0.18189 0.000602 0.0044 0.000381
   6 540.0 796.2  978.8 618.8  1448919   1173 1.32935 4.01499 5.16634 5.16852  0.6431 1.3946 3.98534 0.18234 0.000603 0.0044 0.000388
   7 540.0 790.4  978.2 617.1  1450182   1169 1.32258 4.01764 5.14597 5.14927  0.6547 1.3944 4.02478 0.14574 0.000603 0.0045 0.000395
   8 540.0 784.4  977.6 615.4  1450778   1165 1.31548 4.02080 5.12507 5.12981  0.6670 1.3943 3.82890 0.25075 0.000604 0.0045 0.000403
   9 540.0 778.4  977.0 613.6  1450667   1162 1.30840 4.02335 5.10344 5.10989  0.6794 1.3942 3.63971 0.34927 0.000606 0.0045 0.000412
  10 540.0 772.2  976.3 611.9  1449841   1159 1.30102 4.02621 5.08112 5.08957  0.6924 1.3940 3.68878 0.30248 0.000608 0.0045 0.000421
    X= 50.512,   DSU= 0.00042,   THU=0.0006142,   CTH=0.0006093,   HU=  0.690885,   H=  0.692444,   CH=  0.691951,   N= 5.07572
  11 540.0 764.5  975.5 609.6  1447858   1152 1.29185 4.03137 5.05531 5.06613  0.7089 1.3939 3.65679 0.30395 0.000610 0.0046 0.000432
  12 540.0 756.6  974.7 607.3  1444808   1146 1.28247 4.03662 5.02883 5.04236  0.7260 1.3938 3.39854 0.44186 0.000612 0.0046 0.000444
  13 540.0 748.6  973.9 605.0  1440667   1140 1.27284 4.04141 5.00081 5.01754  0.7439 1.3936 3.28756 0.48689 0.000615 0.0046 0.000457
  14 540.0 739.5  972.9 602.3  1434726   1131 1.26175 4.04822 4.97004 4.99078  0.7647 1.3934 3.26291 0.47761 0.000618 0.0047 0.000473
  15 540.0 728.8  971.8 599.2  1426330   1120 1.24881 4.05742 4.93553 4.96162  0.7896 1.3933 3.09045 0.55771 0.000622 0.0047 0.000491
  16 540.0 717.9  970.7 595.9  1416046   1109 1.23533 4.06693 4.89925 4.93245  0.8161 1.3931 2.95200 0.61478 0.000627 0.0048 0.000512
  17 540.0 705.0  969.3 592.1  1402017   1094 1.21934 4.08005 4.85815 4.90084  0.8483 1.3930 2.85768 0.64199 0.000633 0.0049 0.000537
  18 540.0 690.3  967.8 587.6  1383716   1074 1.20096 4.09698 4.81267 4.86764  0.8863 1.3929 2.67513 0.72329 0.000639 0.0050 0.000567
  19 540.0 674.1  966.1 582.7  1360906   1052 1.18047 4.11715 4.76287 4.83242  0.9302 1.3927 2.49835 0.79850 0.000648 0.0051 0.000602
  20 540.0 654.3  964.0 576.6  1329561   1021 1.15501 4.14580 4.70409 4.78976  0.9870 1.3926 2.25869 0.90991 0.000657 0.0052 0.000649
    X= 50.595,   DSU= 0.00066,   THU=0.0006649,   CTH=0.0006590,   HU=  0.985131,   H=  0.987042,   CH=  0.987013,   N= 5.09383
  21 540.0 629.3  961.4 568.9  1285405    978 1.12236 4.18768 4.63263 4.73641  1.0637 1.3926 1.90244 1.09298 0.000670 0.0054 0.000713
  22 540.0 524.6  950.6 534.8  1059933    758 0.97785 4.45163 4.36618 4.49693  1.4649 1.3937-1.65672 3.44455 0.000722 0.0063 0.001058
  23 540.0 455.2  943.3 510.8   890261    871 0.87437 4.30507 3.83689 4.00338  1.8212 1.3855 0.19930 1.78297 0.001097 0.0103 0.001999
  24 540.0 389.5  936.5 486.6   725377    538 0.76937 4.85315 3.88514 4.11898  2.2923 1.3930 0.35373 1.72357 0.000950 0.0094 0.002177
  25 540.0 330.9  930.4 463.5   580890    564 0.66912 4.79309 3.42185 3.67061  2.8496 1.3860 0.32581 1.37076 0.001426 0.0155 0.004063
  26 540.0 280.4  925.2 442.3   461851    460 0.57700 5.05451 3.20491 3.43234  3.5226 1.3853 0.19250 1.38954 0.001697 0.0200 0.005977
  27 540.0 237.8  920.7 423.1   367277    408 0.49463 5.21948 2.93422 3.10675  4.3059 1.3820 0.06214 1.41641 0.002204 0.0285 0.009491
  28 540.0 202.9  917.1 406.2   294724    366 0.42359 5.37852 2.68633 2.78787  5.1910 1.3784-0.03911 1.50601 0.002866 0.0408 0.014875
  29 540.0 175.0  914.2 391.8   240217    344 0.36543 5.47299 2.44455 2.49429  6.1444 1.3738-0.08559 1.57300 0.003807 0.0596 0.023392
  30 540.0 153.5  912.0 380.1   199957    332 0.32061 5.52536 2.23223 2.25520  7.1113 1.3690-0.09252 1.59025 0.005000 0.0856 0.035560
    X= 53.401,   DSU= 0.03675,   THU=0.0051812,   CTH=0.0050142,   HU=  7.092922,   H=  7.111340,   CH=  7.235101,   N= 5.41976
  31 540.0 137.6  910.3 370.9   171201    328 0.28729 5.54339 2.05661 2.06789  8.0235 1.3645-0.07973 1.54274 0.006382 0.1183 0.051202
  32 540.0 126.2  909.1 364.0   151337    329 0.26345 5.54028 1.92056 1.92675  8.8163 1.3606-0.06204 1.44778 0.007808 0.1549 0.068840
  33 540.0 118.3  908.3 359.1   138060    333 0.24707 5.52126 1.81939 1.82267  9.4494 1.3573-0.04945 1.36369 0.009148 0.1913 0.086440
  34 540.0 113.2  907.8 355.8   129487    340 0.23627 5.48848 1.74559 1.74725  9.9145 1.3547-0.04026 1.28924 0.010322 0.2247 0.102342
  35 540.0 109.9  907.4 353.7   124144    349 0.22945 5.45032 1.69346 1.69433 10.2310 1.3527-0.03219 1.21022 0.011278 0.2525 0.115390
  36 540.0 107.9  907.2 352.4   120943    357 0.22532 5.41370 1.65790 1.65838 10.4316 1.3513-0.02474 1.12622 0.012004 0.2739 0.125222
  37 540.0 106.8  907.1 351.6   119119    365 0.22296 5.38205 1.63437 1.63465 10.5497 1.3502-0.01734 1.03455 0.012524 0.2893 0.132129
  38 540.0 106.2  907.0 351.2   118161    371 0.22171 5.35602 1.61919 1.61935 10.6129 1.3495-0.00955 0.93267 0.012882 0.2998 0.136718
  39 540.0 105.9  907.0 351.0   117730    377 0.22115 5.33461 1.60945 1.60955 10.6412 1.3490-0.00174 0.82764 0.013125 0.3067 0.139671
  40 540.0 105.8  907.0 351.0   117597    382 0.22097 5.31605 1.60284 1.60291 10.6498 1.3486 0.00407 0.74737 0.013300 0.3114 0.141642
    X= 59.798,   DSU= 0.15543,   THU=0.0146899,   CTH=0.0133700,   HU= 10.580950,   H= 10.649758,   CH= 11.257213,   N= 5.73752
  41 540.0 105.8  907.0 351.0   117584    386 0.22096 5.29871 1.59752 1.59757 10.6501 1.3483 0.00636 0.71330 0.013447 0.3153 0.143209
    X= 60.000,   DELTA*= 0.1522723,   THETA=0.0135181,   H= 11.264330,   N= 5.7429286,   DELTA=  0.3153282,   RE/FT=   1411007.

                                   RE,THETA=    1590.,   LOG= 3.20126,                RE,DELTA=     37078.,   LOG= 4.56911

   Mach 6.5  NOZZLE CONTOUR, RADIAL FLOW ENDS AT STA   0.0000000, TEST CONE BEGINS AT STA  52.7627347, SCALE FACTOR =   0.13000000

  RC=   6.000000   ETAD= 60.0000 DEG   AMACH= 6.5000000   BMACH= 6.5000000   CMACH= 6.5000000   EMACH= 6.5000000   GMACH=  0.0000000

  STAG. PRESSURE= 120. PSI, STAG. TEMPERATURE=1000. DEG R, THROAT TEMP.= 540. DEG R, WALL TEMP.=540. DEG R, THROAT HT COEF.= 0.22787


   Mach 6.5  BOUNDARY LAYER CALCULATIONS, STAGNATION PRESSURE= 120.PSI, STAGNATION TEMPERATURE=1000. DEG R, N BASED ON RE,DELTA


      PARABOLIC TEMPERATURE DISTRIBUTION      MODIF. SPALDING-CHI REFERENCE TEMP      VAN DRIEST REFERENCE REYNOLDS NUMBER

        STA(IN)     Y(IN)    DELR(IN)    R(IN)    DY/DX     D2Y/DX2      DA/DX     DR/DX    MACH NO.    DM/DX    PE/PO       BETA

   1  50.469633   0.130037  0.0003592  0.1303965 0.0000000 1.2816841 0.0012219 0.0012219  1.0471638 3.7113807  4.9957E-01 -5.2448E-01
   2  50.473808   0.130051  0.0003644  0.1304149 0.0056891 1.2797633 0.0012364 0.0069255  1.0631253 3.7908503  4.9003E-01 -5.3209E-01
   3  50.478020   0.130085  0.0003696  0.1304548 0.0107267 1.1976905 0.0012893 0.0120160  1.0789539 3.8484565  4.8066E-01 -5.3667E-01
   4  50.482472   0.130145  0.0003756  0.1305203 0.0160669 1.2173730 0.0013633 0.0174302  1.0965135 3.9255440  4.7038E-01 -5.4366E-01
   5  50.487015   0.130230  0.0003819  0.1306120 0.0216806 1.2678487 0.0014071 0.0230878  1.1142619 3.8271173  4.6011E-01 -5.2667E-01
   6  50.491552   0.130342  0.0003883  0.1307299 0.0275781 1.3309709 0.0014877 0.0290658  1.1312634 3.9215933  4.5040E-01 -5.3692E-01
   7  50.496449   0.130493  0.0003960  0.1308886 0.0342601 1.3790832 0.0015788 0.0358389  1.1513883 4.1112646  4.3905E-01 -5.5921E-01
   8  50.501548   0.130685  0.0004041  0.1310896 0.0413689 1.3886459 0.0016399 0.0430089  1.1723590 4.0480223  4.2742E-01 -5.4698E-01
   9  50.506762   0.130920  0.0004129  0.1313329 0.0485791 1.3634926 0.0017069 0.0502860  1.1931180 3.9750424  4.1609E-01 -5.3439E-01
  10  50.512183   0.131204  0.0004223  0.1316259 0.0558615 1.3144172 0.0018275 0.0576890  1.2146308 4.2010099  4.0456E-01 -5.6205E-01

  11  50.518150   0.131560  0.0004338  0.1319941 0.0635142 1.2700313 0.0019535 0.0654676  1.2412248 4.3928154  3.9059E-01 -5.8360E-01
  12  50.524389   0.131981  0.0004462  0.1324271 0.0713570 1.2651190 0.0020296 0.0733866  1.2682154 4.2656977  3.7676E-01 -5.6328E-01
  13  50.530946   0.132476  0.0004598  0.1329357 0.0797087 1.3036968 0.0021719 0.0818806  1.2957722 4.3427546  3.6299E-01 -5.7090E-01
  14  50.537966   0.133067  0.0004757  0.1335429 0.0890856 1.4001439 0.0023698 0.0914555  1.3273099 4.6138070  3.4769E-01 -6.0316E-01
  15  50.545672   0.133795  0.0004948  0.1342896 0.1004194 1.5483556 0.0025393 0.1029587  1.3638877 4.6787251  3.3054E-01 -6.0757E-01
  16  50.553904   0.134674  0.0005163  0.1351905 0.1138483 1.7018982 0.0027638 0.1166121  1.4018072 4.7943818  3.1344E-01 -6.1920E-01
  17  50.562858   0.135762  0.0005426  0.1363046 0.1297749 1.8263116 0.0030890 0.1328640  1.4465683 5.1125916  2.9416E-01 -6.5569E-01
  18  50.572639   0.137120  0.0005744  0.1376942 0.1481460 1.8612272 0.0034220 0.1515680  1.4977865 5.3124945  2.7328E-01 -6.7578E-01
  19  50.583195   0.138790  0.0006124  0.1394023 0.1675993 1.7533781 0.0039125 0.1715117  1.5547310 5.6993665  2.5151E-01 -7.1921E-01
  20  50.594902   0.140874  0.0006622  0.1415362 0.1869649 1.5246464 0.0047522 0.1917171  1.6254132 6.5075255  2.2656E-01 -8.1292E-01

  21  50.607825   0.143418  0.0007308  0.1441484 0.2048195 1.2750505 0.0080273 0.2128468  1.7162115 9.8067009  1.9769E-01 -1.2092E+00
  22  50.634402   0.149297  0.0010930  0.1503902 0.2328804 0.9778483 0.0136700 0.2465504  2.128817412.5398584  1.0454E-01 -1.4415E+00
  23  50.707290   0.168601  0.0020973  0.1706981 0.2885643 0.6599610 0.0092094 0.2977737  2.4460981 3.8442892  6.3653E-02 -6.4736E-01
  24  50.823814   0.206646  0.0023193  0.2089648 0.3460930 0.3682196 0.0060426 0.3521356  2.7992970 2.7041467  3.6888E-02 -3.2245E-01
  25  50.994699   0.270699  0.0043888  0.2750873 0.3775683 0.1020832 0.0106048 0.3881731  3.1794516 1.9879517  2.0849E-02 -3.3234E-01
  26  51.238438   0.363678  0.0064503  0.3701284 0.3739051-0.0544343 0.0094564 0.3833615  3.5817132 1.4781009  1.1681E-02 -2.5972E-01
  27  51.578652   0.487292  0.0101417  0.4974341 0.3366734-0.1289956 0.0112638 0.3479372  4.0027731 1.1065716  6.5618E-03 -2.2989E-01
  28  52.041388   0.626297  0.0156141  0.6419116 0.2646723-0.1433713 0.0128632 0.2775355  4.4323341 0.8283591  3.7610E-03 -2.0629E-01
  29  52.647151   0.758296  0.0242284  0.7825241 0.1875194-0.1067286 0.0152309 0.2027503  4.8548653 0.6204524  2.2425E-03 -1.9226E-01
  30  53.400618   0.871109  0.0366512  0.9077607 0.1264427-0.0649182 0.0173839 0.1438266  5.2501307 0.4652814  1.4185E-03 -1.7917E-01

  31  54.279558   0.958372  0.0528497  1.0112221 0.0859348-0.0365889 0.0189111 0.1048459  5.5982701 0.3501986  9.6610E-04 -1.6489E-01
  32  55.232490   1.026473  0.0713682  1.0978409 0.0608814-0.0237733 0.0195050 0.0803864  5.8845727 0.2649842  7.1348E-04 -1.4816E-01
  33  56.187623   1.074491  0.0900667  1.1645581 0.0405848-0.0195285 0.0194448 0.0600295  6.1037208 0.2019083  5.6991E-04 -1.3000E-01
  34  57.073243   1.102477  0.1071789  1.2096562 0.0247036-0.0157332 0.0189382 0.0436418  6.2599246 0.1548654  4.8739E-04 -1.1179E-01
  35  57.837270   1.116806  0.1213951  1.2382008 0.0141325-0.0121221 0.0179681 0.0321006  6.3640665 0.1190555  4.3986E-04 -9.3942E-02
  36  58.457466   1.123244  0.1322173  1.2554614 0.0074774-0.0092882 0.0165976 0.0240750  6.4292195 0.0905320  4.1278E-04 -7.6323E-02
  37  58.938230   1.125757  0.1398793  1.2656360 0.0035495-0.0068427 0.0148875 0.0184371  6.4673326 0.0660146  3.9781E-04 -5.8357E-02
  38  59.301366   1.126586  0.1449976  1.2715833 0.0014288-0.0045578 0.0129016 0.0143304  6.4876673 0.0431455  3.9008E-04 -3.9428E-02
  39  59.576911   1.126801  0.1483031  1.2751039 0.0004410-0.0024839 0.0108865 0.0113275  6.4968687 0.0220399  3.8663E-04 -2.0617E-02
  40  59.798243   1.126838  0.1505153  1.2773534 0.0000869-0.0009882 0.0093352 0.0094221  6.4997284 0.0068655  3.8557E-04 -6.5365E-03

  41  60.000000   1.126841  0.1522774  1.2791181 0.0000000 0.0000000 0.0081320 0.0081320  6.5000000 0.0000000  3.8547E-04  0.0000E+00

 STA  50.468683      Y*=  0.1303959,     D2A/DX2= 0.003462109,     D2R/DX2= 1.285143300,     VISCID RC=    5.96739112

            Mach 6.5  COORDINATES AND DERIVATIVES, LENGTH=   9.5313173

                  X(IN)          Y(IN)         DY/DX               ANGLE               D2Y/DX2                       

               50.468683       0.130396      0.00000000E+00      0.00000000E+00      1.28514330E+00
               50.100000       0.000000      0.00000000E+00      0.00000000E+00      0.00000000E+00
               50.200000       0.000000      0.00000000E+00      0.00000000E+00      0.00000000E+00
               50.300000       0.000000      0.00000000E+00      0.00000000E+00      0.00000000E+00
               50.400000       0.000000      0.00000000E+00      0.00000000E+00      0.00000000E+00
               50.500000       0.131025      4.08410282E-02      2.33871881E+00      1.41098131E+00
               50.600000       0.142533      1.99596756E-01      1.12877152E+01      1.64913742E+00
               50.700000       0.168521      2.96953066E-01      1.65389484E+01      4.92881442E-01
               50.800000       0.200584      3.45555981E-01      1.90628966E+01      5.26383367E-01
               50.900000       0.237577      3.89182949E-01      2.12651391E+01      2.63431390E-01
               51.000000       0.277193      3.97006128E-01      2.16533809E+01     -8.66780878E-02

               51.100000       0.316515      3.89971290E-01      2.13043558E+01     -5.40186725E-02
               51.200000       0.355296      3.86202393E-01      2.11166801E+01     -2.13592572E-02
               51.300000       0.393831      3.84105068E-01      2.10120356E+01     -4.04973490E-02
               51.400000       0.431953      3.77481342E-01      2.06805860E+01     -9.19771731E-02
               51.500000       0.469156      3.65709634E-01      2.00879530E+01     -1.43456997E-01
               51.600000       0.504925      3.48919704E-01      1.92348861E+01     -1.82780368E-01
               51.700000       0.538912      3.30914823E-01      1.83101451E+01     -1.77317244E-01
               51.800000       0.571126      3.13456255E-01      1.74039259E+01     -1.71854119E-01
               51.900000       0.601621      2.96543999E-01      1.65174074E+01     -1.66390994E-01
               52.000000       0.630453      2.80178056E-01      1.56517062E+01     -1.60927869E-01

               52.100000       0.657677      2.64450441E-01      1.48128018E+01     -1.52324947E-01
               52.200000       0.683378      2.49758946E-01      1.40232438E+01     -1.41504946E-01
               52.300000       0.707665      2.36149452E-01      1.32869472E+01     -1.30684945E-01
               52.400000       0.730644      2.23621957E-01      1.26052099E+01     -1.19864944E-01
               52.500000       0.752425      2.12176463E-01      1.19791617E+01     -1.09044943E-01
               52.600000       0.773116      2.01812969E-01      1.14097778E+01     -9.82249419E-02
               52.700000       0.792822      1.92439329E-01      1.08928001E+01     -9.08920688E-02
               52.800000       0.811619      1.83561208E-01      1.04014890E+01     -8.66703612E-02
               52.900000       0.829549      1.75105257E-01      9.93209697E+00     -8.24486536E-02
               53.000000       0.846654      1.67071477E-01      9.48488778E+00     -7.82269460E-02

               53.100000       0.862977      1.59459868E-01      9.06009955E+00     -7.40052384E-02
               53.200000       0.878560      1.52270429E-01      8.65794652E+00     -6.97835308E-02
               53.300000       0.893445      1.45503162E-01      8.27862059E+00     -6.55618232E-02
               53.400000       0.907675      1.39158065E-01      7.92229290E+00     -6.13401156E-02
               53.500000       0.921291      1.33239023E-01      7.58933412E+00     -5.70402269E-02
               53.600000       0.934337      1.27750019E-01      7.28010391E+00     -5.27398520E-02
               53.700000       0.946855      1.22691053E-01      6.99472190E+00     -4.84394771E-02
               53.800000       0.958889      1.18062124E-01      6.73329249E+00     -4.41391022E-02
               53.900000       0.970482      1.13863232E-01      6.49590628E+00     -3.98387273E-02
               54.000000       0.981676      1.10094378E-01      6.28264127E+00     -3.55383524E-02

               54.100000       0.992515      1.06755562E-01      6.09356413E+00     -3.12379775E-02
               54.200000       1.003042      1.03846783E-01      5.92873121E+00     -2.69376026E-02
               54.300000       1.013299      1.01359419E-01      5.78770049E+00     -2.34808810E-02
               54.400000       1.023318      9.90199918E-02      5.65499337E+00     -2.33076553E-02
               54.500000       1.033104      9.66978876E-02      5.52320867E+00     -2.31344296E-02
               54.600000       1.042658      9.43931059E-02      5.39234908E+00     -2.29612038E-02
               54.700000       1.051983      9.21056468E-02      5.26241720E+00     -2.27879781E-02
               54.800000       1.061080      8.98355103E-02      5.13341558E+00     -2.26147524E-02
               54.900000       1.069950      8.75826963E-02      5.00534671E+00     -2.24415267E-02
               55.000000       1.078597      8.53472049E-02      4.87821302E+00     -2.22683009E-02

            Mach 6.5  COORDINATES AND DERIVATIVES, LENGTH=   9.5313173

                  X(IN)          Y(IN)         DY/DX               ANGLE               D2Y/DX2                       

               55.100000       1.087020      8.31290361E-02      4.75201685E+00     -2.20950752E-02
               55.200000       1.095223      8.09281899E-02      4.62676051E+00     -2.19218495E-02
               55.300000       1.103207      7.87418672E-02      4.50228685E+00     -2.18315452E-02
               55.400000       1.110972      7.65612326E-02      4.37809459E+00     -2.17811481E-02
               55.500000       1.118519      7.43856376E-02      4.25414825E+00     -2.17307511E-02
               55.600000       1.125849      7.22150824E-02      4.13044927E+00     -2.16803540E-02
               55.700000       1.132962      7.00495668E-02      4.00699905E+00     -2.16299570E-02
               55.800000       1.139859      6.78890910E-02      3.88379899E+00     -2.15795599E-02
               55.900000       1.146540      6.57336548E-02      3.76085045E+00     -2.15291629E-02
               56.000000       1.153006      6.35832584E-02      3.63815481E+00     -2.14787658E-02

               56.100000       1.159257      6.14379017E-02      3.51571342E+00     -2.14283688E-02
               56.200000       1.165294      5.92980321E-02      3.39355316E+00     -2.13056641E-02
               56.300000       1.171118      5.71991955E-02      3.27370535E+00     -2.06710691E-02
               56.400000       1.176736      5.51638183E-02      3.15745380E+00     -2.00364741E-02
               56.500000       1.182153      5.31919006E-02      3.04480194E+00     -1.94018791E-02
               56.600000       1.187376      5.12834425E-02      2.93575295E+00     -1.87672841E-02
               56.700000       1.192412      4.94384438E-02      2.83030977E+00     -1.81326890E-02
               56.800000       1.197266      4.76569047E-02      2.72847513E+00     -1.74980940E-02
               56.900000       1.201945      4.59388250E-02      2.63025156E+00     -1.68634990E-02
               57.000000       1.206456      4.42842049E-02      2.53564136E+00     -1.62289040E-02

               57.100000       1.210804      4.26917667E-02      2.44457362E+00     -1.56897982E-02
               57.200000       1.214995      4.11366731E-02      2.35562960E+00     -1.54120740E-02
               57.300000       1.219032      3.96093519E-02      2.26826296E+00     -1.51343498E-02
               57.400000       1.222918      3.81098031E-02      2.18247471E+00     -1.48566255E-02
               57.500000       1.226655      3.66380268E-02      2.09826578E+00     -1.45789013E-02
               57.600000       1.230247      3.51940229E-02      2.01563705E+00     -1.43011771E-02
               57.700000       1.233695      3.37777914E-02      1.93458936E+00     -1.40234528E-02
               57.800000       1.237003      3.23893323E-02      1.85512351E+00     -1.37457286E-02
               57.900000       1.240174      3.10287764E-02      1.77724771E+00     -1.34638368E-02
               58.000000       1.243210      2.96966111E-02      1.70099057E+00     -1.31794690E-02

               58.100000       1.246114      2.83928826E-02      1.62635540E+00     -1.28951011E-02
               58.200000       1.248889      2.71175909E-02      1.55334282E+00     -1.26107333E-02
               58.300000       1.251539      2.58707359E-02      1.48195342E+00     -1.23263655E-02
               58.400000       1.254064      2.46523178E-02      1.41218773E+00     -1.20419977E-02
               58.500000       1.256470      2.34610296E-02      1.34397143E+00     -1.18190782E-02
               58.600000       1.258757      2.22861167E-02      1.27668909E+00     -1.16791801E-02
               58.700000       1.260928      2.11251935E-02      1.21020443E+00     -1.15392821E-02
               58.800000       1.262983      1.99782602E-02      1.14451774E+00     -1.13993840E-02
               58.900000       1.264924      1.88453167E-02      1.07962932E+00     -1.12594859E-02
               59.000000       1.266752      1.77233886E-02      1.01536906E+00     -1.12158955E-02

               59.100000       1.268468      1.66009983E-02      9.51079775E-01     -1.12319099E-02
               59.200000       1.270072      1.54770066E-02      8.86696363E-01     -1.12479244E-02
               59.300000       1.271564      1.43514134E-02      8.22218974E-01     -1.12639388E-02
               59.400000       1.272942      1.32221968E-02      7.57531927E-01     -1.13209545E-02
               59.500000       1.274208      1.20872221E-02      6.92513091E-01     -1.13785379E-02
               59.600000       1.275360      1.09537270E-02      6.27577228E-01     -1.08091678E-02
               59.700000       1.276406      1.00057008E-02      5.73265297E-01     -8.15135637E-03
               59.800000       1.277370      9.32340836E-03      5.34176472E-01     -5.54745201E-03
               59.900000       1.278274      8.74819087E-03      5.01221629E-01     -5.95689784E-03
               60.000000       1.279118      8.13202879E-03      4.65920658E-01     -6.36634368E-03

            Mach 6.5  COORDINATES AND DERIVATIVES, LENGTH=   9.5313173

                  X(IN)          Y(IN)         DY/DX               ANGLE               D2Y/DX2                       

               60.000000       1.279118      8.13202879E-03      4.65920658E-01      0.00000000E+00
               60.200000       1.279118      8.13202879E-03      4.65920658E-01      0.00000000E+00
               60.300000       1.279118      8.13202879E-03      4.65920658E-01      0.00000000E+00
               60.400000       1.279118      8.13202879E-03      4.65920658E-01      0.00000000E+00
               60.500000       1.279118      8.13202879E-03      4.65920658E-01      0.00000000E+00
               60.600000       1.279118      8.13202879E-03      4.65920658E-01      0.00000000E+00
               60.700000       1.279118      8.13202879E-03      4.65920658E-01      0.00000000E+00
               60.800000       1.279118      8.13202879E-03      4.65920658E-01      0.00000000E+00
               60.900000       1.279118      8.13202879E-03      4.65920658E-01      0.00000000E+00
               61.000000       1.279118      8.13202879E-03      4.65920658E-01      0.00000000E+00

               61.100000       1.279118      8.13202879E-03      4.65920658E-01      0.00000000E+00
               61.200000       1.279118      8.13202879E-03      4.65920658E-01      0.00000000E+00
               61.300000       1.279118      8.13202879E-03      4.65920658E-01      0.00000000E+00
               61.400000       1.279118      8.13202879E-03      4.65920658E-01      0.00000000E+00
               61.500000       1.279118      8.13202879E-03      4.65920658E-01      0.00000000E+00
               61.600000       1.279118      8.13202879E-03      4.65920658E-01      0.00000000E+00
               61.700000       1.279118      8.13202879E-03      4.65920658E-01      0.00000000E+00
               61.800000       1.279118      8.13202879E-03      4.65920658E-01      0.00000000E+00
               61.900000       1.279118      8.13202879E-03      4.65920658E-01      0.00000000E+00
               62.000000       1.279118      8.13202879E-03      4.65920658E-01      0.00000000E+00

               62.100000       1.279118      8.13202879E-03      4.65920658E-01      0.00000000E+00
               62.200000       1.279118      8.13202879E-03      4.65920658E-01      0.00000000E+00
               62.300000       1.279118      8.13202879E-03      4.65920658E-01      0.00000000E+00
               62.400000       1.279118      8.13202879E-03      4.65920658E-01      0.00000000E+00
               62.500000       1.279118      8.13202879E-03      4.65920658E-01      0.00000000E+00
               62.600000       1.279118      8.13202879E-03      4.65920658E-01      0.00000000E+00
               62.700000       1.279118      8.13202879E-03      4.65920658E-01      0.00000000E+00
               62.800000       1.279118      8.13202879E-03      4.65920658E-01      0.00000000E+00
               62.900000       1.279118      8.13202879E-03      4.65920658E-01      0.00000000E+00
               63.000000       1.279118      8.13202879E-03      4.65920658E-01      0.00000000E+00

               63.100000       1.279118      8.13202879E-03      4.65920658E-01      0.00000000E+00
               63.200000       1.279118      8.13202879E-03      4.65920658E-01      0.00000000E+00
               63.300000       1.279118      8.13202879E-03      4.65920658E-01      0.00000000E+00
               63.400000       1.279118      8.13202879E-03      4.65920658E-01      0.00000000E+00
               63.500000       1.279118      8.13202879E-03      4.65920658E-01      0.00000000E+00
               63.600000       1.279118      8.13202879E-03      4.65920658E-01      0.00000000E+00
               63.700000       1.279118      8.13202879E-03      4.65920658E-01      0.00000000E+00
               63.800000       1.279118      8.13202879E-03      4.65920658E-01      0.00000000E+00
               63.900000       1.279118      8.13202879E-03      4.65920658E-01      0.00000000E+00
               64.000000       1.279118      8.13202879E-03      4.65920658E-01      0.00000000E+00

               64.100000       1.279118      8.13202879E-03      4.65920658E-01      0.00000000E+00
               64.200000       1.279118      8.13202879E-03      4.65920658E-01      0.00000000E+00
               64.300000       1.279118      8.13202879E-03      4.65920658E-01      0.00000000E+00
               64.400000       1.279118      8.13202879E-03      4.65920658E-01      0.00000000E+00
               64.500000       1.279118      8.13202879E-03      4.65920658E-01      0.00000000E+00
               64.600000       1.279118      8.13202879E-03      4.65920658E-01      0.00000000E+00
               64.700000       1.279118      8.13202879E-03      4.65920658E-01      0.00000000E+00
               64.800000       1.279118      8.13202879E-03      4.65920658E-01      0.00000000E+00
               64.900000       1.279118      8.13202879E-03      4.65920658E-01      0.00000000E+00
               65.000000       1.279118      8.13202879E-03      4.65920658E-01      0.00000000E+00

            Mach 6.5  COORDINATES AND DERIVATIVES, LENGTH=   9.5313173

                  X(IN)          Y(IN)         DY/DX               ANGLE               D2Y/DX2                       

               65.100000       1.279118      8.13202879E-03      4.65920658E-01      0.00000000E+00
               65.200000       1.279118      8.13202879E-03      4.65920658E-01      0.00000000E+00
               65.300000       1.279118      8.13202879E-03      4.65920658E-01      0.00000000E+00
               65.400000       1.279118      8.13202879E-03      4.65920658E-01      0.00000000E+00
               65.500000       1.279118      8.13202879E-03      4.65920658E-01      0.00000000E+00
               65.600000       1.279118      8.13202879E-03      4.65920658E-01      0.00000000E+00
               65.700000       1.279118      8.13202879E-03      4.65920658E-01      0.00000000E+00
               65.800000       1.279118      8.13202879E-03      4.65920658E-01      0.00000000E+00
               65.900000       1.279118      8.13202879E-03      4.65920658E-01      0.00000000E+00
               66.000000       1.279118      8.13202879E-03      4.65920658E-01      0.00000000E+00

               66.100000       1.279118      8.13202879E-03      4.65920658E-01      0.00000000E+00
               66.200000       1.279118      8.13202879E-03      4.65920658E-01      0.00000000E+00
               66.300000       1.279118      8.13202879E-03      4.65920658E-01      0.00000000E+00
               66.400000       1.279118      8.13202879E-03      4.65920658E-01      0.00000000E+00
               66.500000       1.279118      8.13202879E-03      4.65920658E-01      0.00000000E+00
               66.600000       1.279118      8.13202879E-03      4.65920658E-01      0.00000000E+00
               66.700000       1.279118      8.13202879E-03      4.65920658E-01      0.00000000E+00
               66.800000       1.279118      8.13202879E-03      4.65920658E-01      0.00000000E+00
               66.900000       1.279118      8.13202879E-03      4.65920658E-01      0.00000000E+00
               67.000000       1.279118      8.13202879E-03      4.65920658E-01      0.00000000E+00

               67.100000       1.279118      8.13202879E-03      4.65920658E-01      0.00000000E+00
               67.200000       1.279118      8.13202879E-03      4.65920658E-01      0.00000000E+00
               67.300000       1.279118      8.13202879E-03      4.65920658E-01      0.00000000E+00
               67.400000       1.279118      8.13202879E-03      4.65920658E-01      0.00000000E+00
               67.500000       1.279118      8.13202879E-03      4.65920658E-01      0.00000000E+00
               67.600000       1.279118      8.13202879E-03      4.65920658E-01      0.00000000E+00
               67.700000       1.279118      8.13202879E-03      4.65920658E-01      0.00000000E+00
               67.800000       1.279118      8.13202879E-03      4.65920658E-01      0.00000000E+00
               67.900000       1.279118      8.13202879E-03      4.65920658E-01      0.00000000E+00
               68.000000       1.279118      8.13202879E-03      4.65920658E-01      0.00000000E+00

               68.100000       1.279118      8.13202879E-03      4.65920658E-01      0.00000000E+00
               68.200000       1.279118      8.13202879E-03      4.65920658E-01      0.00000000E+00
               68.300000       1.279118      8.13202879E-03      4.65920658E-01      0.00000000E+00
               68.400000       1.279118      8.13202879E-03      4.65920658E-01      0.00000000E+00
               68.500000       1.279118      8.13202879E-03      4.65920658E-01      0.00000000E+00
               68.600000       1.279118      8.13202879E-03      4.65920658E-01      0.00000000E+00
               68.700000       1.279118      8.13202879E-03      4.65920658E-01      0.00000000E+00
               68.800000       1.279118      8.13202879E-03      4.65920658E-01      0.00000000E+00
               68.900000       1.279118      8.13202879E-03      4.65920658E-01      0.00000000E+00
               69.000000       1.279118      8.13202879E-03      4.65920658E-01      0.00000000E+00

               69.100000       1.279118      8.13202879E-03      4.65920658E-01      0.00000000E+00
               69.200000       1.279118      8.13202879E-03      4.65920658E-01      0.00000000E+00
               69.300000       1.279118      8.13202879E-03      4.65920658E-01      0.00000000E+00
               69.400000       1.279118      8.13202879E-03      4.65920658E-01      0.00000000E+00
               69.500000       1.279118      8.13202879E-03      4.65920658E-01      0.00000000E+00
               69.600000       1.279118      8.13202879E-03      4.65920658E-01      0.00000000E+00
               69.700000       1.279118      8.13202879E-03      4.65920658E-01      0.00000000E+00
               69.800000       1.279118      8.13202879E-03      4.65920658E-01      0.00000000E+00
               69.900000       1.279118      8.13202879E-03      4.65920658E-01      0.00000000E+00
               70.000000       1.279118      8.13202879E-03      4.65920658E-01      0.00000000E+00

            Mach 6.5  COORDINATES AND DERIVATIVES, LENGTH=   9.5313173

                  X(IN)          Y(IN)         DY/DX               ANGLE               D2Y/DX2                       

               70.100000       1.279118      8.13202879E-03      4.65920658E-01      0.00000000E+00
               70.200000       1.279118      8.13202879E-03      4.65920658E-01      0.00000000E+00
               70.300000       1.279118      8.13202879E-03      4.65920658E-01      0.00000000E+00
               70.400000       1.279118      8.13202879E-03      4.65920658E-01      0.00000000E+00
               70.500000       1.279118      8.13202879E-03      4.65920658E-01      0.00000000E+00
               70.600000       1.279118      8.13202879E-03      4.65920658E-01      0.00000000E+00
               70.700000       1.279118      8.13202879E-03      4.65920658E-01      0.00000000E+00
               70.800000       1.279118      8.13202879E-03      4.65920658E-01      0.00000000E+00
               70.900000       1.279118      8.13202879E-03      4.65920658E-01      0.00000000E+00
               71.000000       1.279118      8.13202879E-03      4.65920658E-01      0.00000000E+00

               71.100000       1.279118      8.13202879E-03      4.65920658E-01      0.00000000E+00
               71.200000       1.279118      8.13202879E-03      4.65920658E-01      0.00000000E+00
               71.300000       1.279118      8.13202879E-03      4.65920658E-01      0.00000000E+00
               71.400000       1.279118      8.13202879E-03      4.65920658E-01      0.00000000E+00
               71.500000       1.279118      8.13202879E-03      4.65920658E-01      0.00000000E+00
               71.600000       1.279118      8.13202879E-03      4.65920658E-01      0.00000000E+00
               71.700000       1.279118      8.13202879E-03      4.65920658E-01      0.00000000E+00
               71.800000       1.279118      8.13202879E-03      4.65920658E-01      0.00000000E+00
               71.900000       1.279118      8.13202879E-03      4.65920658E-01      0.00000000E+00
               72.000000       1.279118      8.13202879E-03      4.65920658E-01      0.00000000E+00

               72.100000       1.279118      8.13202879E-03      4.65920658E-01      0.00000000E+00
               72.200000       1.279118      8.13202879E-03      4.65920658E-01      0.00000000E+00
               72.300000       1.279118      8.13202879E-03      4.65920658E-01      0.00000000E+00
               72.400000       1.279118      8.13202879E-03      4.65920658E-01      0.00000000E+00
               72.500000       1.279118      8.13202879E-03      4.65920658E-01      0.00000000E+00
               72.600000       1.279118      8.13202879E-03      4.65920658E-01      0.00000000E+00
               72.700000       1.279118      8.13202879E-03      4.65920658E-01      0.00000000E+00
               72.800000       1.279118      8.13202879E-03      4.65920658E-01      0.00000000E+00
               72.900000       1.279118      8.13202879E-03      4.65920658E-01      0.00000000E+00
               73.000000       1.279118      8.13202879E-03      4.65920658E-01      0.00000000E+00

               73.100000       1.279118      8.13202879E-03      4.65920658E-01      0.00000000E+00
               73.200000       1.279118      8.13202879E-03      4.65920658E-01      0.00000000E+00
               73.300000       1.279118      8.13202879E-03      4.65920658E-01      0.00000000E+00
               73.400000       1.279118      8.13202879E-03      4.65920658E-01      0.00000000E+00
               73.500000       1.279118      8.13202879E-03      4.65920658E-01      0.00000000E+00
               73.600000       1.279118      8.13202879E-03      4.65920658E-01      0.00000000E+00
               73.700000       1.279118      8.13202879E-03      4.65920658E-01      0.00000000E+00
               73.800000       1.279118      8.13202879E-03      4.65920658E-01      0.00000000E+00
               73.900000       1.279118      8.13202879E-03      4.65920658E-01      0.00000000E+00
               74.000000       1.279118      8.13202879E-03      4.65920658E-01      0.00000000E+00

               74.100000       1.279118      8.13202879E-03      4.65920658E-01      0.00000000E+00
               74.200000       1.279118      8.13202879E-03      4.65920658E-01      0.00000000E+00
               74.300000       1.279118      8.13202879E-03      4.65920658E-01      0.00000000E+00
               74.400000       1.279118      8.13202879E-03      4.65920658E-01      0.00000000E+00
               74.500000       1.279118      8.13202879E-03      4.65920658E-01      0.00000000E+00
               74.600000       1.279118      8.13202879E-03      4.65920658E-01      0.00000000E+00
               74.700000       1.279118      8.13202879E-03      4.65920658E-01      0.00000000E+00
               74.800000       1.279118      8.13202879E-03      4.65920658E-01      0.00000000E+00
               74.900000       1.279118      8.13202879E-03      4.65920658E-01      0.00000000E+00
               75.000000       1.279118      8.13202879E-03      4.65920658E-01      0.00000000E+00

            Mach 6.5  COORDINATES AND DERIVATIVES, LENGTH=   9.5313173

                  X(IN)          Y(IN)         DY/DX               ANGLE               D2Y/DX2                       

               75.100000       1.279118      8.13202879E-03      4.65920658E-01      0.00000000E+00
               75.200000       1.279118      8.13202879E-03      4.65920658E-01      0.00000000E+00
               75.300000       1.279118      8.13202879E-03      4.65920658E-01      0.00000000E+00
               75.400000       1.279118      8.13202879E-03      4.65920658E-01      0.00000000E+00
               75.500000       1.279118      8.13202879E-03      4.65920658E-01      0.00000000E+00
               75.600000       1.279118      8.13202879E-03      4.65920658E-01      0.00000000E+00
               75.700000       1.279118      8.13202879E-03      4.65920658E-01      0.00000000E+00
               75.800000       1.279118      8.13202879E-03      4.65920658E-01      0.00000000E+00
               75.900000       1.279118      8.13202879E-03      4.65920658E-01      0.00000000E+00
               76.000000       1.279118      8.13202879E-03      4.65920658E-01      0.00000000E+00

               76.100000       1.279118      8.13202879E-03      4.65920658E-01      0.00000000E+00
               76.200000       1.279118      8.13202879E-03      4.65920658E-01      0.00000000E+00
               76.300000       1.279118      8.13202879E-03      4.65920658E-01      0.00000000E+00
               76.400000       1.279118      8.13202879E-03      4.65920658E-01      0.00000000E+00
               76.500000       1.279118      8.13202879E-03      4.65920658E-01      0.00000000E+00
               76.600000       1.279118      8.13202879E-03      4.65920658E-01      0.00000000E+00
               76.700000       1.279118      8.13202879E-03      4.65920658E-01      0.00000000E+00
               76.800000       1.279118      8.13202879E-03      4.65920658E-01      0.00000000E+00
               76.900000       1.279118      8.13202879E-03      4.65920658E-01      0.00000000E+00
               77.000000       1.279118      8.13202879E-03      4.65920658E-01      0.00000000E+00

               77.100000       1.279118      8.13202879E-03      4.65920658E-01      0.00000000E+00
               77.200000       1.279118      8.13202879E-03      4.65920658E-01      0.00000000E+00
               77.300000       1.279118      8.13202879E-03      4.65920658E-01      0.00000000E+00
               77.400000       1.279118      8.13202879E-03      4.65920658E-01      0.00000000E+00
               77.500000       1.279118      8.13202879E-03      4.65920658E-01      0.00000000E+00
               77.600000       1.279118      8.13202879E-03      4.65920658E-01      0.00000000E+00
               77.700000       1.279118      8.13202879E-03      4.65920658E-01      0.00000000E+00
               77.800000       1.279118      8.13202879E-03      4.65920658E-01      0.00000000E+00
               77.900000       1.279118      8.13202879E-03      4.65920658E-01      0.00000000E+00
               78.000000       1.279118      8.13202879E-03      4.65920658E-01      0.00000000E+00

               78.100000       1.279118      8.13202879E-03      4.65920658E-01      0.00000000E+00
               78.200000       1.279118      8.13202879E-03      4.65920658E-01      0.00000000E+00
               78.300000       1.279118      8.13202879E-03      4.65920658E-01      0.00000000E+00
               78.400000       1.279118      8.13202879E-03      4.65920658E-01      0.00000000E+00
               78.500000       1.279118      8.13202879E-03      4.65920658E-01      0.00000000E+00
               78.600000       1.279118      8.13202879E-03      4.65920658E-01      0.00000000E+00
               78.700000       1.279118      8.13202879E-03      4.65920658E-01      0.00000000E+00
               78.800000       1.279118      8.13202879E-03      4.65920658E-01      0.00000000E+00
               78.900000       1.279118      8.13202879E-03      4.65920658E-01      0.00000000E+00
               79.000000       1.279118      8.13202879E-03      4.65920658E-01      0.00000000E+00

               79.100000       1.279118      8.13202879E-03      4.65920658E-01      0.00000000E+00
               79.200000       1.279118      8.13202879E-03      4.65920658E-01      0.00000000E+00
               79.300000       1.279118      8.13202879E-03      4.65920658E-01      0.00000000E+00
               79.400000       1.279118      8.13202879E-03      4.65920658E-01      0.00000000E+00
               79.500000       1.279118      8.13202879E-03      4.65920658E-01      0.00000000E+00
               79.600000       1.279118      8.13202879E-03      4.65920658E-01      0.00000000E+00
               79.700000       1.279118      8.13202879E-03      4.65920658E-01      0.00000000E+00
               79.800000       1.279118      8.13202879E-03      4.65920658E-01      0.00000000E+00
               79.900000       1.279118      8.13202879E-03      4.65920658E-01      0.00000000E+00
               80.000000       1.279118      8.13202879E-03      4.65920658E-01      0.00000000E+00

            Mach 6.5  COORDINATES AND DERIVATIVES, LENGTH=   9.5313173

                  X(IN)          Y(IN)         DY/DX               ANGLE               D2Y/DX2                       

