           Mach 100   THROAT VELOCITY DISTRIBUTION, X=O, RC=  6.000000

          DERIVATIVES TAKEN WITH RESPECT TO X/Y*, WOP= 0.34136118

          WOPP=  2.8328436E-03     WOPPP= -7.6881686E-02

          Y/YO       U/A*          V/A*           W           MACH NO.

         0.0000    0.96385164   -0.00000000    0.96385164    0.95708127
         0.0227    0.96388554   -0.00032612    0.96388560    0.95712116
         0.0455    0.96398728   -0.00065147    0.96398750    0.95724089
         0.0682    0.96415691   -0.00097528    0.96415741    0.95744054
         0.0909    0.96439457   -0.00129676    0.96439544    0.95772027
         0.1136    0.96470042   -0.00161515    0.96470177    0.95808032
         0.1364    0.96507468   -0.00192964    0.96507661    0.95852097
         0.1591    0.96551762   -0.00223945    0.96552022    0.95904259
         0.1818    0.96602956   -0.00254375    0.96603291    0.95964562
         0.2045    0.96661088   -0.00284175    0.96661506    0.96033054

         0.2273    0.96726200   -0.00313259    0.96726707    0.96109794
         0.2500    0.96798341   -0.00341543    0.96798943    0.96194847
         0.2727    0.96877564   -0.00368939    0.96878266    0.96288284
         0.2955    0.96963929   -0.00395358    0.96964735    0.96390188
         0.3182    0.97057503   -0.00420707    0.97058415    0.96500647
         0.3409    0.97158358   -0.00444893    0.97159376    0.96619759
         0.3636    0.97266573   -0.00467817    0.97267698    0.96747630
         0.3864    0.97382233   -0.00489378    0.97383463    0.96884378
         0.4091    0.97505433   -0.00509470    0.97506764    0.97030128
         0.4318    0.97636271   -0.00527983    0.97637699    0.97185016

         0.4545    0.97774858   -0.00544804    0.97776376    0.97349191
         0.4773    0.97921309   -0.00559813    0.97922909    0.97522810
         0.5000    0.98075749   -0.00572885    0.98077422    0.97706044
         0.5227    0.98238312   -0.00583887    0.98240047    0.97899077
         0.5455    0.98409140   -0.00592683    0.98410925    0.98102105
         0.5682    0.98588388   -0.00599125    0.98590208    0.98315338
         0.5909    0.98776216   -0.00603061    0.98778057    0.98539001
         0.6136    0.98972800   -0.00604329    0.98974645    0.98773333
         0.6364    0.99178323   -0.00602755    0.99180154    0.99018592
         0.6591    0.99392981   -0.00598159    0.99394780    0.99275050

         0.6818    0.99616981   -0.00590345    0.99618731    0.99542999
         0.7045    0.99850546   -0.00579111    0.99852225    0.99822749
         0.7273    1.00093907   -0.00564236    1.00095497    1.00114630
         0.7500    1.00347313   -0.00545488    1.00348795    1.00418993
         0.7727    1.00611024   -0.00522622    1.00612381    1.00736213
         0.7955    1.00885316   -0.00495373    1.00886533    1.01066685
         0.8182    1.01170483   -0.00463462    1.01171544    1.01410833
         0.8409    1.01466830   -0.00426590    1.01467727    1.01769104
         0.8636    1.01774683   -0.00384438    1.01775409    1.02141974
         0.8864    1.02094383   -0.00336667    1.02094938    1.02529949

         0.9091    1.02426291   -0.00282915    1.02426681    1.02933565
         0.9318    1.02770784   -0.00222797    1.02771026    1.03353393
         0.9545    1.03128262   -0.00155902    1.03128380    1.03790036
         0.9773    1.03499143   -0.00081792    1.03499175    1.04244138
         1.0000    1.03883866   -0.00000000    1.03883866    1.04716380
          FROM CUBIC, X/Y* = 0.10589173 FOR W= 1.0

                      X/Y* = 0.30916405 FOR W= 1.06914498

          CORRECTED WOPPP= -7.5033231E-02

          RMASS = Y*/YO = 0.9997135747


          AXIAL VELOCITY DISTRIBUTION, Y=0

          X/Y*         W                 WP                WPP               M                 MP                MPP

         0.000     9.6385164E-01     3.4136118E-01     2.8328436E-03     9.5708127E-01     4.0106175E-01     8.1394664E-02
         0.100     9.9798942E-01     3.4126930E-01    -4.6704794E-03     9.9758876E-01     4.0903012E-01     7.7920331E-02
         0.200     1.0320805E+00     3.4042708E-01    -1.2173802E-02     1.0388752E+00     4.1663401E-01     7.4091422E-02
         0.300     1.0660498E+00     3.3883454E-01    -1.9677126E-02     1.0809021E+00     4.2383370E-01     6.9820989E-02
       0.30913716  1.0691450E+00     3.3865161E-01    -2.0362716E-02     1.0847776E+00     4.2446977E-01     6.9405507E-02
         0.400     1.0998224E+00     3.3649166E-01    -2.7180449E-02     1.1236268E+00     4.3058029E-01     6.5012734E-02
         0.500     1.1333231E+00     3.3339845E-01    -3.4683772E-02     1.1670011E+00     4.3681479E-01     5.9560535E-02
         0.600     1.1664771E+00     3.2955490E-01    -4.2187095E-02     1.2109704E+00     4.4246707E-01     5.3348148E-02
         0.700     1.1992091E+00     3.2496103E-01    -4.9690418E-02     1.2554724E+00     4.4745488E-01     4.6249172E-02
         0.800     1.2314443E+00     3.1961682E-01    -5.7193741E-02     1.3004360E+00     4.5168282E-01     3.8127370E-02
         0.900     1.2631075E+00     3.1352228E-01    -6.4697064E-02     1.3457800E+00     4.5504143E-01     2.8837498E-02
         1.000     1.2941237E+00     3.0667741E-01    -7.2200387E-02     1.3914112E+00     4.5740630E-01     1.8226785E-02
1  Mach 100   INVISCID CONTOUR, 4TH-DEGAXIAL MACH NUMBER DISTRIBUTION FROM THROAT CHARACTERISTIC WHICH HAS  45 POINTS

     NO. OF POINTS ON 1ST CHAR. (M)= 61     NO. OF POINTS ON AXIS (N)= 41     EPSI/ETA= 0.00000    BMACH=100.00000    CMACH=100.00000

     GAMMA= 1.4000     INFLECTION ANG. (ETA)= 60.0000  DEGREES     RAD. OF CURV. (RC)=   6.000000     SCALE FACTOR (SF)=   0.13000000

     Y*=1.00000000    RMASS=0.99971357    WWO= 1.0388387    WWOP= 0.39255278    EMACH=********    FMACH=**********    GMACH=  0.00000

          WI=  1.06914498    WIP=  0.33865161    WIPP= -2.0362716E-02    MI=  1.08477764    MIP=  0.42446977    MIPP=  6.9405507E-02

          C1=  1.0847776   C2= 48.26583691   C3=  4.4869382E+02   C4= -6.4652427E+02   C5=  2.4847983E+02   C6=  0.0000000E+00

          XOI=  0.10589746   XI=  0.30913716   XO=  0.00000000   YO=  1.00028651   XIE=113.70853819   XE=114.01767535    0 ITERATIONS

          MACH 0.95708127 AT  0.0000000 IN.,   MACH 1 AT  0.0137667 IN.,   MACH 1.08477764 AT  0.0401878 IN.

  AXIS
 POINT    X       X(IN)   MACH NO.    DM/DX        D2M/DX2       D3M/DX3       W=Q/A*     DW/DX        D2W/DX2       D3W/DX3

   1 114.01768  14.82230100.000000 -9.373211E-16 -1.758547E-17  1.417737E-03  2.448878 -1.147119E-20 -2.152157E-22  1.735065E-08
   2 108.95205  14.16377 99.970264  1.741717E-02 -6.724045E-03  1.237035E-03  2.448877  2.133462E-07 -8.247554E-08  1.528183E-08
   3 103.98927  13.51861 99.776725  6.529389E-02 -1.242388E-02  1.060002E-03  2.448875  8.044580E-07 -1.546478E-07  1.396502E-08
   4  99.12990  12.88689 99.293308  1.374992E-01 -1.715365E-02  8.866569E-04  2.448869  1.718919E-06 -2.215804E-07  1.379513E-08
   5  94.37447  12.26868 98.430351  2.284583E-01 -2.096674E-02  7.170203E-04  2.448858  2.931766E-06 -2.894660E-07  1.500829E-08
   6  89.72356  11.66406 97.129720  3.331295E-01 -2.391572E-02  5.511120E-04  2.448841  4.448946E-06 -3.651465E-07  1.784109E-08
   7  85.17776  11.07311 95.360285  4.469813E-01 -2.605240E-02  3.889532E-04  2.448817  6.307747E-06 -4.562983E-07  2.265078E-08
   8  80.73768  10.49590 93.113753  5.659696E-01 -2.742775E-02  2.305657E-04  2.448784  8.578703E-06 -5.720777E-07  3.002270E-08
   9  76.40395   9.93251 90.400829  6.865152E-01 -2.809198E-02  7.597202E-05  2.448741  1.137051E-05 -7.241667E-07  4.089738E-08
  10  72.17723   9.38304 87.247709  8.054817E-01 -2.809445E-02 -7.480432E-05  2.448686  1.483923E-05 -9.283018E-07  5.675376E-08

  11  68.05821   8.84757 83.692879  9.201534E-01 -2.748371E-02 -2.217390E-04  2.448616  1.920328E-05 -1.206510E-06  7.989712E-08
  12  64.04759   8.32619 79.784219  1.028213E+00 -2.630750E-02 -3.648069E-04  2.448528  2.476660E-05 -1.590451E-06  1.139260E-07
  13  60.14610   7.81899 75.576395  1.127722E+00 -2.461272E-02 -5.039815E-04  2.448418  3.195356E-05 -2.126537E-06  1.645013E-07
  14  56.35452   7.32609 71.128518  1.217096E+00 -2.244542E-02 -6.392354E-04  2.448280  4.136146E-05 -2.883919E-06  2.406313E-07
  15  52.67366   6.84758 66.502080  1.295088E+00 -1.985083E-02 -7.705401E-04  2.448106  5.383977E-05 -3.967184E-06  3.568478E-07
  16  49.10434   6.38356 61.759129  1.360763E+00 -1.687329E-02 -8.978656E-04  2.447886  7.061083E-05 -5.536844E-06  5.369499E-07
  17  45.64745   5.93417 56.960694  1.413482E+00 -1.355632E-02 -1.021181E-03  2.447605  9.345595E-05 -7.842946E-06  8.205500E-07
  18  42.30391   5.49951 52.165432  1.452878E+00 -9.942571E-03 -1.140452E-03  2.447242  1.250059E-04 -1.128105E-05  1.274719E-06
  19  39.07468   5.07971 47.428488  1.478838E+00 -6.073805E-03 -1.255646E-03  2.446772  1.692007E-04 -1.648705E-05  2.015074E-06
  20  35.96080   4.67490 42.800573  1.491484E+00 -1.990930E-03 -1.366725E-03  2.446154  2.320278E-04 -2.450032E-05  3.244689E-06

  21  32.96334   4.28523 38.327215  1.491152E+00  2.266030E-03 -1.473651E-03  2.445332  3.227247E-04 -3.704941E-05  5.327224E-06
  22  30.08344   3.91085 34.048209  1.478373E+00  6.657929E-03 -1.576383E-03  2.444224  4.557673E-04 -5.706072E-05  8.927039E-06
  23  27.32231   3.55190 29.997229  1.453855E+00  1.114650E-02 -1.674879E-03  2.442713  6.542047E-04 -8.957938E-05  1.528263E-05
  24  24.68125   3.20856 26.201596  1.418466E+00  1.569437E-02 -1.769091E-03  2.440618  9.553314E-04 -1.434633E-04  2.674963E-05
  25  22.16163   2.88101 22.682202  1.373212E+00  2.026503E-02 -1.858972E-03  2.437673  1.420453E-03 -2.345433E-04  4.789547E-05
  26  19.76495   2.56944 19.453563  1.319222E+00  2.482285E-02 -1.944467E-03  2.433467  2.151867E-03 -3.915807E-04  8.772962E-05
  27  17.49279   2.27406 16.524002  1.257731E+00  2.933307E-02 -2.025519E-03  2.427365  3.322511E-03 -6.675513E-04  1.642584E-04
  28  15.34690   1.99510 13.895946  1.190063E+00  3.376176E-02 -2.102068E-03  2.418379  5.227545E-03 -1.160874E-03  3.136711E-04
  29  13.32915   1.73279 11.566328  1.117613E+00  3.807582E-02 -2.174046E-03  2.404960  8.372341E-03 -2.054292E-03  6.081161E-04
  30  11.44162   1.48741  9.527083  1.041831E+00  4.224294E-02 -2.241378E-03  2.384687  1.361540E-02 -3.681447E-03  1.186700E-03

  31   9.68659   1.25926  7.765737  9.642092E-01  4.623155E-02 -2.303984E-03  2.353854  2.237591E-02 -6.623718E-03  2.296106E-03
  32   8.06663   1.04866  6.266061  8.862675E-01  5.001072E-02 -2.361771E-03  2.306998  3.685883E-02 -1.179330E-02  4.293850E-03
  33   6.58462   0.85600  5.008808  8.095379E-01  5.355007E-02 -2.414638E-03  2.236723  6.007439E-02 -2.031385E-02  7.441167E-03
  34   5.24385   0.68170  3.972510  7.355547E-01  5.681962E-02 -2.462466E-03  2.134564  9.509686E-02 -3.276880E-02  1.116041E-02
  35   4.04815   0.52626  3.134334  6.658454E-01  5.978947E-02 -2.505120E-03  1.994056  1.428792E-01 -4.751529E-02  1.286492E-02
  36   3.00210   0.39027  2.471018  6.019254E-01  6.242947E-02 -2.542434E-03  1.816243  1.991847E-01 -5.936909E-02  8.352673E-03
  37   2.11130   0.27447  1.959888  5.452997E-01  6.470844E-02 -2.574212E-03  1.614553  2.540486E-01 -6.198189E-02 -3.946911E-03
  38   1.38289   0.17978  1.580020  4.974803E-01  6.659298E-02 -2.600195E-03  1.413546  2.968499E-01 -5.364058E-02 -1.949602E-02
  39   0.82667   0.10747  1.313689  4.600370E-01  6.804477E-02 -2.620037E-03  1.240786  3.230163E-01 -3.929616E-02 -3.184938E-02
  40   0.45776   0.05951  1.148629  4.347559E-01  6.901376E-02 -2.633197E-03  1.119229  3.351836E-01 -2.625400E-02 -3.855140E-02

  41   0.30914   0.04019  1.084778  4.244698E-01  6.940551E-02 -2.638499E-03  1.069145  3.386516E-01 -2.036272E-02 -4.066200E-02
   Mach 100   THROAT CHARACTERISTIC
             
        POINT        X              Y          MACH NO.      MACH ANG.(D)     PSI (D)     FLOW ANG.(D)        X(IN)         Y(IN)

          1    3.0913716E-01  0.0000000E+00  1.0847776E+00  6.7197746E+01  1.0529038E+00  0.0000000E+00     0.0401878     0.0000000
          2    2.9968938E-01  2.2733784E-02  1.0808196E+00  6.7702118E+01  9.8245330E-01  3.4811254E-02     0.0389596     0.0029554
          3    2.9045753E-01  4.5467569E-02  1.0770581E+00  6.8195247E+01  9.1681691E-01  6.6427763E-02     0.0377595     0.0059108
          4    2.8143631E-01  6.8201353E-02  1.0734886E+00  6.8676517E+01  8.5576299E-01  9.5024047E-02     0.0365867     0.0088662
          5    2.7262016E-01  9.0935137E-02  1.0701068E+00  6.9145286E+01  7.9906689E-01  1.2076881E-01     0.0354406     0.0118216
          6    2.6400330E-01  1.1366892E-01  1.0669086E+00  6.9600893E+01  7.4651091E-01  1.4382499E-01     0.0343204     0.0147770
          7    2.5557964E-01  1.3640271E-01  1.0638898E+00  7.0042658E+01  6.9788437E-01  1.6434976E-01     0.0332254     0.0177324
          8    2.4734286E-01  1.5913649E-01  1.0610463E+00  7.0469885E+01  6.5298359E-01  1.8249452E-01     0.0321546     0.0206877
          9    2.3928637E-01  1.8187027E-01  1.0583743E+00  7.0881870E+01  6.1161200E-01  1.9840486E-01     0.0311072     0.0236431
         10    2.3140329E-01  2.0460406E-01  1.0558697E+00  7.1277900E+01  5.7358019E-01  2.1222051E-01     0.0300824     0.0265985

         11    2.2368649E-01  2.2733784E-01  1.0535288E+00  7.1657260E+01  5.3870607E-01  2.2407524E-01     0.0290792     0.0295539
         12    2.1612856E-01  2.5007163E-01  1.0513475E+00  7.2019244E+01  5.0681496E-01  2.3409680E-01     0.0280967     0.0325093
         13    2.0872186E-01  2.7280541E-01  1.0493223E+00  7.2363158E+01  4.7773972E-01  2.4240679E-01     0.0271338     0.0354647
         14    2.0145844E-01  2.9553920E-01  1.0474492E+00  7.2688328E+01  4.5132091E-01  2.4912055E-01     0.0261896     0.0384201
         15    1.9433017E-01  3.1827298E-01  1.0457246E+00  7.2994111E+01  4.2740693E-01  2.5434708E-01     0.0252629     0.0413755
         16    1.8732865E-01  3.4100676E-01  1.0441447E+00  7.3279902E+01  4.0585415E-01  2.5818887E-01     0.0243527     0.0443309
         17    1.8044527E-01  3.6374055E-01  1.0427059E+00  7.3545146E+01  3.8652703E-01  2.6074190E-01     0.0234579     0.0472863
         18    1.7367127E-01  3.8647433E-01  1.0414044E+00  7.3789343E+01  3.6929826E-01  2.6209546E-01     0.0225773     0.0502417
         19    1.6699767E-01  4.0920812E-01  1.0402367E+00  7.4012062E+01  3.5404880E-01  2.6233217E-01     0.0217097     0.0531971
         20    1.6041539E-01  4.3194190E-01  1.0391991E+00  7.4212946E+01  3.4066795E-01  2.6152787E-01     0.0208540     0.0561524

         21    1.5391523E-01  4.5467569E-01  1.0382882E+00  7.4391723E+01  3.2905341E-01  2.5975170E-01     0.0200090     0.0591078
         22    1.4748792E-01  4.7740947E-01  1.0375005E+00  7.4548207E+01  3.1911120E-01  2.5706604E-01     0.0191734     0.0620632
         23    1.4112417E-01  5.0014325E-01  1.0368326E+00  7.4682307E+01  3.1075568E-01  2.5352664E-01     0.0183461     0.0650186
         24    1.3481466E-01  5.2287704E-01  1.0362811E+00  7.4794027E+01  3.0390939E-01  2.4918267E-01     0.0175259     0.0679740
         25    1.2855012E-01  5.4561082E-01  1.0358428E+00  7.4883468E+01  2.9850296E-01  2.4407688E-01     0.0167115     0.0709294
         26    1.2232136E-01  5.6834461E-01  1.0355147E+00  7.4950826E+01  2.9447491E-01  2.3824575E-01     0.0159018     0.0738848
         27    1.1611931E-01  5.9107839E-01  1.0352937E+00  7.4996385E+01  2.9177149E-01  2.3171969E-01     0.0150955     0.0768402
         28    1.0993502E-01  6.1381217E-01  1.0351769E+00  7.5020517E+01  2.9034637E-01  2.2452324E-01     0.0142916     0.0797956
         29    1.0375973E-01  6.3654596E-01  1.0351617E+00  7.5023671E+01  2.9016044E-01  2.1667534E-01     0.0134888     0.0827510
         30    9.7584884E-02  6.5927974E-01  1.0352454E+00  7.5006365E+01  2.9118151E-01  2.0818956E-01     0.0126860     0.0857064

         31    9.1402159E-02  6.8201353E-01  1.0354256E+00  7.4969175E+01  2.9338401E-01  1.9907434E-01     0.0118823     0.0886618
         32    8.5203476E-02  7.0474731E-01  1.0357001E+00  7.4912727E+01  2.9674869E-01  1.8933332E-01     0.0110765     0.0916172
         33    7.8981021E-02  7.2748110E-01  1.0360668E+00  7.4837682E+01  3.0126232E-01  1.7896553E-01     0.0102675     0.0945725
         34    7.2727262E-02  7.5021488E-01  1.0365238E+00  7.4744732E+01  3.0691743E-01  1.6796567E-01     0.0094545     0.0975279
         35    6.6434949E-02  7.7294866E-01  1.0370695E+00  7.4634583E+01  3.1371200E-01  1.5632434E-01     0.0086365     0.1004833
         36    6.0097126E-02  7.9568245E-01  1.0377023E+00  7.4507948E+01  3.2164920E-01  1.4402826E-01     0.0078126     0.1034387
         37    5.3707124E-02  8.1841623E-01  1.0384209E+00  7.4365542E+01  3.3073716E-01  1.3106048E-01     0.0069819     0.1063941
         38    4.7258563E-02  8.4115002E-01  1.0392241E+00  7.4208067E+01  3.4098878E-01  1.1740052E-01     0.0061436     0.1093495
         39    4.0745346E-02  8.6388380E-01  1.0401111E+00  7.4036213E+01  3.5242148E-01  1.0302455E-01     0.0052969     0.1123049
         40    3.4161648E-02  8.8661759E-01  1.0410811E+00  7.3850645E+01  3.6505709E-01  8.7905506E-02     0.0044410     0.1152603

         41    2.7501911E-02  9.0935137E-01  1.0421336E+00  7.3652006E+01  3.7892168E-01  7.2013171E-02     0.0035752     0.1182157
         42    2.0760830E-02  9.3208515E-01  1.0432682E+00  7.3440909E+01  3.9404549E-01  5.5314267E-02     0.0026989     0.1211711
         43    1.3933340E-02  9.5481894E-01  1.0444847E+00  7.3217934E+01  4.1046283E-01  3.7772484E-02     0.0018113     0.1241265
         44    7.0146040E-03  9.7755272E-01  1.0457832E+00  7.2983628E+01  4.2821204E-01  1.9348505E-02     0.0009119     0.1270819
         45    0.0000000E+00  1.0002865E+00  1.0471638E+00  7.2738506E+01  4.4733546E-01  0.0000000E+00     0.0000000     0.1300372
1  Mach 100   INVISCID CONTOUR

  CHARACT   1
        POINT        X              Y          MACH NO.     MACH ANG.(D)      PSI (D)      FLOW ANG.(D)       X(IN)         Y(IN)

          1    1.1401768E+02  0.0000000E+00  1.0000000E+02  5.7296734E-01  1.2758981E+02  0.0000000E+00    14.8222978     0.0000000
          2    1.1462187E+04  1.1348737E+02  1.0000000E+02  5.7296734E-01  1.2758981E+02  0.0000000E+00  1490.0842776    14.7533575
          3    2.2810356E+04  2.2697473E+02  1.0000000E+02  5.7296734E-01  1.2758981E+02  0.0000000E+00  2965.3462574    29.5067150
          4    3.4158525E+04  3.4046210E+02  1.0000000E+02  5.7296734E-01  1.2758981E+02  0.0000000E+00  4440.6082372    44.2600725
          5    4.5506694E+04  4.5394946E+02  1.0000000E+02  5.7296734E-01  1.2758981E+02  0.0000000E+00  5915.8702170    59.0134299
          6    5.6854863E+04  5.6743683E+02  1.0000000E+02  5.7296734E-01  1.2758981E+02  0.0000000E+00  7391.1321968    73.7667874
          7    6.8203032E+04  6.8092419E+02  1.0000000E+02  5.7296734E-01  1.2758981E+02  0.0000000E+00  8866.3941766    88.5201449
          8    7.9551201E+04  7.9441156E+02  1.0000000E+02  5.7296734E-01  1.2758981E+02  0.0000000E+00 10341.6561564   103.2735024
          9    9.0899370E+04  9.0789892E+02  1.0000000E+02  5.7296734E-01  1.2758981E+02  0.0000000E+00 11816.9181362   118.0268599
         10    1.0224754E+05  1.0213863E+03  1.0000000E+02  5.7296734E-01  1.2758981E+02  0.0000000E+00 13292.1801160   132.7802174

         11    1.1359571E+05  1.1348737E+03  1.0000000E+02  5.7296734E-01  1.2758981E+02  0.0000000E+00 14767.4420958   147.5335748
         12    1.2494388E+05  1.2483610E+03  1.0000000E+02  5.7296734E-01  1.2758981E+02  0.0000000E+00 16242.7040757   162.2869323
         13    1.3629205E+05  1.3618484E+03  1.0000000E+02  5.7296734E-01  1.2758981E+02  0.0000000E+00 17717.9660555   177.0402898
         14    1.4764022E+05  1.4753357E+03  1.0000000E+02  5.7296734E-01  1.2758981E+02  0.0000000E+00 19193.2280353   191.7936473
         15    1.5898838E+05  1.5888231E+03  1.0000000E+02  5.7296734E-01  1.2758981E+02  0.0000000E+00 20668.4900151   206.5470048
         16    1.7033655E+05  1.7023105E+03  1.0000000E+02  5.7296734E-01  1.2758981E+02  0.0000000E+00 22143.7519949   221.3003623
         17    1.8168472E+05  1.8157978E+03  1.0000000E+02  5.7296734E-01  1.2758981E+02  0.0000000E+00 23619.0139747   236.0537197
         18    1.9303289E+05  1.9292852E+03  1.0000000E+02  5.7296734E-01  1.2758981E+02  0.0000000E+00 25094.2759545   250.8070772
         19    2.0438106E+05  2.0427726E+03  1.0000000E+02  5.7296734E-01  1.2758981E+02  0.0000000E+00 26569.5379343   265.5604347
         20    2.1572923E+05  2.1562599E+03  1.0000000E+02  5.7296734E-01  1.2758981E+02  0.0000000E+00 28044.7999141   280.3137922

         21    2.2707740E+05  2.2697473E+03  1.0000000E+02  5.7296734E-01  1.2758981E+02  0.0000000E+00 29520.0618939   295.0671497
         22    2.3842557E+05  2.3832347E+03  1.0000000E+02  5.7296734E-01  1.2758981E+02  0.0000000E+00 30995.3238737   309.8205072
         23    2.4977374E+05  2.4967220E+03  1.0000000E+02  5.7296734E-01  1.2758981E+02  0.0000000E+00 32470.5858535   324.5738647
         24    2.6112191E+05  2.6102094E+03  1.0000000E+02  5.7296734E-01  1.2758981E+02  0.0000000E+00 33945.8478333   339.3272221
         25    2.7247008E+05  2.7236968E+03  1.0000000E+02  5.7296734E-01  1.2758981E+02  0.0000000E+00 35421.1098131   354.0805796
         26    2.8381824E+05  2.8371841E+03  1.0000000E+02  5.7296734E-01  1.2758981E+02  0.0000000E+00 36896.3717929   368.8339371
         27    2.9516641E+05  2.9506715E+03  1.0000000E+02  5.7296734E-01  1.2758981E+02  0.0000000E+00 38371.6337727   383.5872946
         28    3.0651458E+05  3.0641589E+03  1.0000000E+02  5.7296734E-01  1.2758981E+02  0.0000000E+00 39846.8957525   398.3406521
         29    3.1786275E+05  3.1776462E+03  1.0000000E+02  5.7296734E-01  1.2758981E+02  0.0000000E+00 41322.1577323   413.0940096
         30    3.2921092E+05  3.2911336E+03  1.0000000E+02  5.7296734E-01  1.2758981E+02  0.0000000E+00 42797.4197122   427.8473670

         31    3.4055909E+05  3.4046210E+03  1.0000000E+02  5.7296734E-01  1.2758981E+02  0.0000000E+00 44272.6816920   442.6007245
         32    3.5190726E+05  3.5181083E+03  1.0000000E+02  5.7296734E-01  1.2758981E+02  0.0000000E+00 45747.9436718   457.3540820
         33    3.6325543E+05  3.6315957E+03  1.0000000E+02  5.7296734E-01  1.2758981E+02  0.0000000E+00 47223.2056516   472.1074395
         34    3.7460360E+05  3.7450831E+03  1.0000000E+02  5.7296734E-01  1.2758981E+02  0.0000000E+00 48698.4676314   486.8607970
         35    3.8595177E+05  3.8585704E+03  1.0000000E+02  5.7296734E-01  1.2758981E+02  0.0000000E+00 50173.7296112   501.6141545
         36    3.9729994E+05  3.9720578E+03  1.0000000E+02  5.7296734E-01  1.2758981E+02  0.0000000E+00 51648.9915910   516.3675120
         37    4.0864810E+05  4.0855451E+03  1.0000000E+02  5.7296734E-01  1.2758981E+02  0.0000000E+00 53124.2535708   531.1208694
         38    4.1999627E+05  4.1990325E+03  1.0000000E+02  5.7296734E-01  1.2758981E+02  0.0000000E+00 54599.5155506   545.8742269
         39    4.3134444E+05  4.3125199E+03  1.0000000E+02  5.7296734E-01  1.2758981E+02  0.0000000E+00 56074.7775304   560.6275844
         40    4.4269261E+05  4.4260072E+03  1.0000000E+02  5.7296734E-01  1.2758981E+02  0.0000000E+00 57550.0395102   575.3809419

         41    4.5404078E+05  4.5394946E+03  1.0000000E+02  5.7296734E-01  1.2758981E+02  0.0000000E+00 59025.3014900   590.1342994
         42    4.6538895E+05  4.6529820E+03  1.0000000E+02  5.7296734E-01  1.2758981E+02  0.0000000E+00 60500.5634698   604.8876569
         43    4.7673712E+05  4.7664693E+03  1.0000000E+02  5.7296734E-01  1.2758981E+02  0.0000000E+00 61975.8254496   619.6410143
         44    4.8808529E+05  4.8799567E+03  1.0000000E+02  5.7296734E-01  1.2758981E+02  0.0000000E+00 63451.0874294   634.3943718
         45    4.9943346E+05  4.9934441E+03  1.0000000E+02  5.7296734E-01  1.2758981E+02  0.0000000E+00 64926.3494092   649.1477293
         46    5.1078163E+05  5.1069314E+03  1.0000000E+02  5.7296734E-01  1.2758981E+02  0.0000000E+00 66401.6113890   663.9010868
         47    5.2212980E+05  5.2204188E+03  1.0000000E+02  5.7296734E-01  1.2758981E+02  0.0000000E+00 67876.8733688   678.6544443
         48    5.3347796E+05  5.3339062E+03  1.0000000E+02  5.7296734E-01  1.2758981E+02  0.0000000E+00 69352.1353486   693.4078018
         49    5.4482613E+05  5.4473935E+03  1.0000000E+02  5.7296734E-01  1.2758981E+02  0.0000000E+00 70827.3973285   708.1611592
         50    5.5617430E+05  5.5608809E+03  1.0000000E+02  5.7296734E-01  1.2758981E+02  0.0000000E+00 72302.6593083   722.9145167

         51    5.6752247E+05  5.6743683E+03  1.0000000E+02  5.7296734E-01  1.2758981E+02  0.0000000E+00 73777.9212881   737.6678742
         52    5.7887064E+05  5.7878556E+03  1.0000000E+02  5.7296734E-01  1.2758981E+02  0.0000000E+00 75253.1832679   752.4212317
         53    5.9021881E+05  5.9013430E+03  1.0000000E+02  5.7296734E-01  1.2758981E+02  0.0000000E+00 76728.4452477   767.1745892
         54    6.0156698E+05  6.0148304E+03  1.0000000E+02  5.7296734E-01  1.2758981E+02  0.0000000E+00 78203.7072275   781.9279467
         55    6.1291515E+05  6.1283177E+03  1.0000000E+02  5.7296734E-01  1.2758981E+02  0.0000000E+00 79678.9692073   796.6813042
         56    6.2426332E+05  6.2418051E+03  1.0000000E+02  5.7296734E-01  1.2758981E+02  0.0000000E+00 81154.2311871   811.4346616
         57    6.3561149E+05  6.3552925E+03  1.0000000E+02  5.7296734E-01  1.2758981E+02  0.0000000E+00 82629.4931669   826.1880191
         58    6.4695965E+05  6.4687798E+03  1.0000000E+02  5.7296734E-01  1.2758981E+02  0.0000000E+00 84104.7551467   840.9413766
         59    6.5830782E+05  6.5822672E+03  1.0000000E+02  5.7296734E-01  1.2758981E+02  0.0000000E+00 85580.0171265   855.6947341
         60    6.6965599E+05  6.6957546E+03  1.0000000E+02  5.7296734E-01  1.2758981E+02  0.0000000E+00 87055.2791063   870.4480916

         61    6.8100416E+05  6.8092419E+03  1.0000000E+02  5.7296734E-01  1.2758981E+02  0.0000000E+00 88530.5410861   885.2014491
         MASS = 1.0000000000

   Mach 100   INTERMEDIATE LEFT CHARACTERISTIC

  CHARACT   2
        POINT        X              Y          MACH NO.     MACH ANG.(D)      PSI (D)      FLOW ANG.(D)       X(IN)         Y(IN)

          1    1.0895205E+02  0.0000000E+00  9.9970264E+01  5.7313778E-01  1.2758896E+02  0.0000000E+00    14.1637660     0.0000000
          2    1.1148428E+02  2.5332481E-02  9.9990644E+01  5.7302096E-01  1.2758955E+02  1.7858163E-04    14.4929561     0.0032932
          3    1.2507446E+04  1.0175775E+02  1.0609410E+02  5.4005481E-01  1.2775428E+02 -1.7283710E-01  1625.9680351    13.2285071
          4    2.5699984E+04  1.9596646E+02  1.0344909E+02  5.5386345E-01  1.2768528E+02 -1.0279029E-01  3340.9979828    25.4756392
          5    3.8211743E+04  2.9768776E+02  1.0260551E+02  5.5841726E-01  1.2766252E+02 -7.7875167E-02  4967.5266486    38.6994091
          6    5.0462900E+04  4.0211557E+02  1.0216648E+02  5.6081695E-01  1.2765053E+02 -6.4614044E-02  6560.1769396    52.2750242
          7    6.2569296E+04  5.0801789E+02  1.0188849E+02  5.6234712E-01  1.2764288E+02 -5.6170669E-02  8134.0085162    66.0423256
          8    7.4581147E+04  6.1487479E+02  1.0169301E+02  5.6342812E-01  1.2763748E+02 -5.0229924E-02  9695.5490565    79.9337225
          9    8.6525365E+04  7.2241129E+02  1.0154625E+02  5.6424244E-01  1.2763341E+02 -4.5774783E-02 11248.2974973    93.9134680
         10    9.8418282E+04  8.3046186E+02  1.0143102E+02  5.6488350E-01  1.2763021E+02 -4.2282523E-02 12794.3766823   107.9600422

         11    1.1027065E+05  9.3891803E+02  1.0133752E+02  5.6540467E-01  1.2762760E+02 -3.9454528E-02 14335.1845440   122.0593434
         12    1.2208998E+05  1.0477043E+03  1.0125976E+02  5.6583890E-01  1.2762543E+02 -3.7106682E-02 15871.6971147   136.2015585
         13    1.3388174E+05  1.1567657E+03  1.0119380E+02  5.6620776E-01  1.2762359E+02 -3.5118708E-02 17404.6265028   150.3795443
         14    1.4565008E+05  1.2660609E+03  1.0113695E+02  5.6652602E-01  1.2762200E+02 -3.3408386E-02 18934.5104060   164.5879162
         15    1.5739820E+05  1.3755577E+03  1.0108731E+02  5.6680420E-01  1.2762061E+02 -3.1917416E-02 20461.7661745   178.8224999
         16    1.6912866E+05  1.4852306E+03  1.0104350E+02  5.6704999E-01  1.2761938E+02 -3.0603193E-02 21986.7251617   193.0799843
         17    1.8084350E+05  1.5950592E+03  1.0100446E+02  5.6726917E-01  1.2761829E+02 -2.9433786E-02 23509.6554683   207.3576923
         18    1.9254444E+05  1.7050263E+03  1.0096939E+02  5.6746619E-01  1.2761730E+02 -2.8384742E-02 25030.7775278   221.6534240
         19    2.0423289E+05  1.8151180E+03  1.0093767E+02  5.6764452E-01  1.2761641E+02 -2.7436986E-02 26550.2750989   235.9653463
         20    2.1591002E+05  1.9253224E+03  1.0090881E+02  5.6780691E-01  1.2761560E+02 -2.6575395E-02 28068.3032147   250.2919130

         21    2.2757688E+05  2.0356293E+03  1.0088239E+02  5.6795559E-01  1.2761486E+02 -2.5787810E-02 29584.9940546   264.6318064
         22    2.3923432E+05  2.1460299E+03  1.0085810E+02  5.6809237E-01  1.2761417E+02 -2.5064329E-02 31100.4613648   278.9838927
         23    2.5088311E+05  2.2565168E+03  1.0083567E+02  5.6821874E-01  1.2761354E+02 -2.4396801E-02 32614.8038422   293.3471883
         24    2.6252391E+05  2.3670833E+03  1.0081488E+02  5.6833595E-01  1.2761296E+02 -2.3778446E-02 34128.1077624   307.7208335
         25    2.7415730E+05  2.4777236E+03  1.0079553E+02  5.6844506E-01  1.2761241E+02 -2.3203574E-02 35640.4490480   322.1040718
         26    2.8578381E+05  2.5884326E+03  1.0077747E+02  5.6854694E-01  1.2761190E+02 -2.2667371E-02 37151.8949170   336.4962335
         27    2.9740389E+05  2.6992056E+03  1.0076056E+02  5.6864235E-01  1.2761143E+02 -2.2165732E-02 38662.5052088   350.8967224
         28    3.0901795E+05  2.8100385E+03  1.0074468E+02  5.6873195E-01  1.2761098E+02 -2.1695137E-02 40172.3334630   365.3050053
         29    3.2062637E+05  2.9209277E+03  1.0072974E+02  5.6881630E-01  1.2761056E+02 -2.1252541E-02 41681.4278045   379.7206028
         30    3.3222947E+05  3.0318699E+03  1.0071565E+02  5.6889589E-01  1.2761016E+02 -2.0835301E-02 43189.8316751   394.1430820

         31    3.4382757E+05  3.1428619E+03  1.0070233E+02  5.6897115E-01  1.2760978E+02 -2.0441110E-02 44697.5844435   408.5720508
         32    3.5542094E+05  3.2539012E+03  1.0068971E+02  5.6904245E-01  1.2760943E+02 -2.0067941E-02 46204.7219175   423.0071526
         33    3.6700982E+05  3.3649851E+03  1.0067774E+02  5.6911013E-01  1.2760909E+02 -1.9714008E-02 47711.2767758   437.4480618
         34    3.7859445E+05  3.4761114E+03  1.0066636E+02  5.6917449E-01  1.2760877E+02 -1.9377728E-02 49217.2789360   451.8944805
         35    3.9017505E+05  3.5872780E+03  1.0065552E+02  5.6923577E-01  1.2760846E+02 -1.9057694E-02 50722.7558684   466.3461349
         36    4.0175179E+05  3.6984829E+03  1.0064518E+02  5.6929423E-01  1.2760817E+02 -1.8752652E-02 52227.7328654   480.8027731
         37    4.1332487E+05  3.8097243E+03  1.0063531E+02  5.6935006E-01  1.2760789E+02 -1.8461476E-02 53732.2332745   495.2641625
         38    4.2489445E+05  3.9210007E+03  1.0062588E+02  5.6940347E-01  1.2760762E+02 -1.8183157E-02 55236.2787005   509.7300880
         39    4.3646069E+05  4.0323104E+03  1.0061684E+02  5.6945461E-01  1.2760737E+02 -1.7916783E-02 56739.8891806   524.2003499
         40    4.4802372E+05  4.1436520E+03  1.0060818E+02  5.6950364E-01  1.2760712E+02 -1.7661532E-02 58243.0833389   538.6747627

         41    4.5958368E+05  4.2550243E+03  1.0059986E+02  5.6955071E-01  1.2760689E+02 -1.7416656E-02 59745.8785207   553.1531536
         42    4.7114070E+05  4.3664259E+03  1.0059188E+02  5.6959593E-01  1.2760666E+02 -1.7181478E-02 61248.2909119   567.6353613
         43    4.8269489E+05  4.4778557E+03  1.0058419E+02  5.6963944E-01  1.2760644E+02 -1.6955379E-02 62750.3356437   582.1212351
         44    4.9424636E+05  4.5893126E+03  1.0057680E+02  5.6968132E-01  1.2760623E+02 -1.6737795E-02 64252.0268860   596.6106338
         45    5.0579521E+05  4.7007956E+03  1.0056967E+02  5.6972169E-01  1.2760603E+02 -1.6528208E-02 65753.3779305   611.1034249
         46    5.1734155E+05  4.8123037E+03  1.0056280E+02  5.6976062E-01  1.2760584E+02 -1.6326144E-02 67254.4012641   625.5994841
         47    5.2888545E+05  4.9238361E+03  1.0055617E+02  5.6979821E-01  1.2760565E+02 -1.6131168E-02 68755.1086356   640.0986943
         48    5.4042701E+05  5.0353919E+03  1.0054976E+02  5.6983452E-01  1.2760547E+02 -1.5942878E-02 70255.5111150   654.6009452
         49    5.5196630E+05  5.1469703E+03  1.0054357E+02  5.6986963E-01  1.2760529E+02 -1.5760903E-02 71755.6191466   669.1061327
         50    5.6350340E+05  5.2585704E+03  1.0053757E+02  5.6990360E-01  1.2760512E+02 -1.5584900E-02 73255.4425974   683.6141585

         51    5.7503839E+05  5.3701918E+03  1.0053177E+02  5.6993649E-01  1.2760496E+02 -1.5414553E-02 74754.9908005   698.1249295
         52    5.8657133E+05  5.4818335E+03  1.0052615E+02  5.6996836E-01  1.2760480E+02 -1.5249567E-02 76254.2725945   712.6383578
         53    5.9810228E+05  5.5934951E+03  1.0052070E+02  5.6999926E-01  1.2760464E+02 -1.5089670E-02 77753.2963590   727.1543598
         54    6.0963131E+05  5.7051758E+03  1.0051542E+02  5.7002923E-01  1.2760449E+02 -1.4934605E-02 79252.0700475   741.6728562
         55    6.2115847E+05  5.8168752E+03  1.0051029E+02  5.7005832E-01  1.2760435E+02 -1.4784138E-02 80750.6012169   756.1937718
         56    6.3268382E+05  5.9285926E+03  1.0050530E+02  5.7008658E-01  1.2760421E+02 -1.4638046E-02 82248.8970540   770.7170348
         57    6.4420742E+05  6.0403275E+03  1.0050046E+02  5.7011405E-01  1.2760407E+02 -1.4496124E-02 83746.9644012   785.2425772
         58    6.5572931E+05  6.1520795E+03  1.0049576E+02  5.7014075E-01  1.2760394E+02 -1.4358177E-02 85244.8097780   799.7703339
         59    6.6724953E+05  6.2638480E+03  1.0049118E+02  5.7016672E-01  1.2760381E+02 -1.4224026E-02 86742.4394026   814.3002429
         60    6.7876815E+05  6.3756327E+03  1.0048672E+02  5.7019200E-01  1.2760368E+02 -1.4093500E-02 88239.8592108   828.8322451

         61    6.9028519E+05  6.4874330E+03  1.0048238E+02  5.7021662E-01  1.2760356E+02 -1.3966440E-02 89737.0748732   843.3662839
         62    7.0180071E+05  6.5992485E+03  1.0047816E+02  5.7024060E-01  1.2760344E+02 -1.3842696E-02 91234.0918117   857.9023054
    CONTOUR    7.2289344E+05  6.8040588E+03  1.0047042E+02

0OFELD,IP=  0, NN=  1, LINE=  3, POINT=  3
