           Mach 20    THROAT VELOCITY DISTRIBUTION, X=O, RC=  6.000000

          DERIVATIVES TAKEN WITH RESPECT TO X/Y*, WOP= 0.34136118

          WOPP=  2.8328436E-03     WOPPP= -7.6881686E-02

          Y/YO       U/A*          V/A*           W           MACH NO.

         0.0000    0.96385164   -0.00000000    0.96385164    0.95708127
         0.0227    0.96388554   -0.00032612    0.96388560    0.95712116
         0.0455    0.96398728   -0.00065147    0.96398750    0.95724089
         0.0682    0.96415691   -0.00097528    0.96415741    0.95744054
         0.0909    0.96439457   -0.00129676    0.96439544    0.95772027
         0.1136    0.96470042   -0.00161515    0.96470177    0.95808032
         0.1364    0.96507468   -0.00192964    0.96507661    0.95852097
         0.1591    0.96551762   -0.00223945    0.96552022    0.95904259
         0.1818    0.96602956   -0.00254375    0.96603291    0.95964562
         0.2045    0.96661088   -0.00284175    0.96661506    0.96033054

         0.2273    0.96726200   -0.00313259    0.96726707    0.96109794
         0.2500    0.96798341   -0.00341543    0.96798943    0.96194847
         0.2727    0.96877564   -0.00368939    0.96878266    0.96288284
         0.2955    0.96963929   -0.00395358    0.96964735    0.96390188
         0.3182    0.97057503   -0.00420707    0.97058415    0.96500647
         0.3409    0.97158358   -0.00444893    0.97159376    0.96619759
         0.3636    0.97266573   -0.00467817    0.97267698    0.96747630
         0.3864    0.97382233   -0.00489378    0.97383463    0.96884378
         0.4091    0.97505433   -0.00509470    0.97506764    0.97030128
         0.4318    0.97636271   -0.00527983    0.97637699    0.97185016

         0.4545    0.97774858   -0.00544804    0.97776376    0.97349191
         0.4773    0.97921309   -0.00559813    0.97922909    0.97522810
         0.5000    0.98075749   -0.00572885    0.98077422    0.97706044
         0.5227    0.98238312   -0.00583887    0.98240047    0.97899077
         0.5455    0.98409140   -0.00592683    0.98410925    0.98102105
         0.5682    0.98588388   -0.00599125    0.98590208    0.98315338
         0.5909    0.98776216   -0.00603061    0.98778057    0.98539001
         0.6136    0.98972800   -0.00604329    0.98974645    0.98773333
         0.6364    0.99178323   -0.00602755    0.99180154    0.99018592
         0.6591    0.99392981   -0.00598159    0.99394780    0.99275050

         0.6818    0.99616981   -0.00590345    0.99618731    0.99542999
         0.7045    0.99850546   -0.00579111    0.99852225    0.99822749
         0.7273    1.00093907   -0.00564236    1.00095497    1.00114630
         0.7500    1.00347313   -0.00545488    1.00348795    1.00418993
         0.7727    1.00611024   -0.00522622    1.00612381    1.00736213
         0.7955    1.00885316   -0.00495373    1.00886533    1.01066685
         0.8182    1.01170483   -0.00463462    1.01171544    1.01410833
         0.8409    1.01466830   -0.00426590    1.01467727    1.01769104
         0.8636    1.01774683   -0.00384438    1.01775409    1.02141974
         0.8864    1.02094383   -0.00336667    1.02094938    1.02529949

         0.9091    1.02426291   -0.00282915    1.02426681    1.02933565
         0.9318    1.02770784   -0.00222797    1.02771026    1.03353393
         0.9545    1.03128262   -0.00155902    1.03128380    1.03790036
         0.9773    1.03499143   -0.00081792    1.03499175    1.04244138
         1.0000    1.03883866   -0.00000000    1.03883866    1.04716380
          FROM CUBIC, X/Y* = 0.10589173 FOR W= 1.0

                      X/Y* = 0.30916405 FOR W= 1.06914498

          CORRECTED WOPPP= -7.5033231E-02

          RMASS = Y*/YO = 0.9997135747


          AXIAL VELOCITY DISTRIBUTION, Y=0

          X/Y*         W                 WP                WPP               M                 MP                MPP

         0.000     9.6385164E-01     3.4136118E-01     2.8328436E-03     9.5708127E-01     4.0106175E-01     8.1394664E-02
         0.100     9.9798942E-01     3.4126930E-01    -4.6704794E-03     9.9758876E-01     4.0903012E-01     7.7920331E-02
         0.200     1.0320805E+00     3.4042708E-01    -1.2173802E-02     1.0388752E+00     4.1663401E-01     7.4091422E-02
         0.300     1.0660498E+00     3.3883454E-01    -1.9677126E-02     1.0809021E+00     4.2383370E-01     6.9820989E-02
       0.30913716  1.0691450E+00     3.3865161E-01    -2.0362716E-02     1.0847776E+00     4.2446977E-01     6.9405507E-02
         0.400     1.0998224E+00     3.3649166E-01    -2.7180449E-02     1.1236268E+00     4.3058029E-01     6.5012734E-02
         0.500     1.1333231E+00     3.3339845E-01    -3.4683772E-02     1.1670011E+00     4.3681479E-01     5.9560535E-02
         0.600     1.1664771E+00     3.2955490E-01    -4.2187095E-02     1.2109704E+00     4.4246707E-01     5.3348148E-02
         0.700     1.1992091E+00     3.2496103E-01    -4.9690418E-02     1.2554724E+00     4.4745488E-01     4.6249172E-02
         0.800     1.2314443E+00     3.1961682E-01    -5.7193741E-02     1.3004360E+00     4.5168282E-01     3.8127370E-02
         0.900     1.2631075E+00     3.1352228E-01    -6.4697064E-02     1.3457800E+00     4.5504143E-01     2.8837498E-02
         1.000     1.2941237E+00     3.0667741E-01    -7.2200387E-02     1.3914112E+00     4.5740630E-01     1.8226785E-02
1  Mach 20    INVISCID CONTOUR, 4TH-DEGAXIAL MACH NUMBER DISTRIBUTION FROM THROAT CHARACTERISTIC WHICH HAS  45 POINTS

     NO. OF POINTS ON 1ST CHAR. (M)= 61     NO. OF POINTS ON AXIS (N)= 41     EPSI/ETA= 0.00000    BMACH= 20.00000    CMACH= 20.00000

     GAMMA= 1.4000     INFLECTION ANG. (ETA)= 60.0000  DEGREES     RAD. OF CURV. (RC)=   6.000000     SCALE FACTOR (SF)=   0.13000000

     Y*=1.00000000    RMASS=0.99971357    WWO= 1.0388387    WWOP= 0.39255278    EMACH=20.00000    FMACH=20.0000000    GMACH=  0.00000

          WI=  1.06914498    WIP=  0.33865161    WIPP= -2.0362716E-02    MI=  1.08477764    MIP=  0.42446977    MIPP=  6.9405507E-02

          C1=  1.0847776   C2= 17.70506327   C3=  6.0376144E+01   C4= -9.8206589E+01   C5=  3.9040604E+01   C6=  0.0000000E+00

          XOI=  0.10589746   XI=  0.30913716   XO=  0.00000000   YO=  1.00028651   XIE= 41.71101118   XE= 42.02014835    0 ITERATIONS

          MACH 0.95708127 AT  0.0000000 IN.,   MACH 1 AT  0.0137667 IN.,   MACH 1.08477764 AT  0.0401878 IN.

  AXIS
 POINT    X       X(IN)   MACH NO.    DM/DX        D2M/DX2       D3M/DX3       W=Q/A*     DW/DX        D2W/DX2       D3W/DX3

   1  42.02015   5.46262 20.000000  8.517448E-17  2.450417E-17  4.791773E-03  2.434322  1.279890E-19  3.682164E-20  7.200444E-06
   2  40.16195   5.22105 19.995030  7.941706E-03 -8.369630E-03  4.216576E-03  2.434315  1.194254E-05 -1.260010E-05  6.385240E-06
   3  38.34149   4.98439 19.962605  2.985410E-02 -1.553282E-02  3.653060E-03  2.434266  4.511025E-05 -2.367034E-05  5.833024E-06
   4  36.55896   4.75266 19.881394  6.305338E-02 -2.155275E-02  3.101283E-03  2.434143  9.643279E-05 -3.386846E-05  5.683469E-06
   5  34.81455   4.52589 19.735987  1.050948E-01 -2.649168E-02  2.561310E-03  2.433918  1.642635E-04 -4.399746E-05  6.016921E-06
   6  33.10849   4.30410 19.516124  1.537627E-01 -3.041095E-02  2.033205E-03  2.433568  2.484389E-04 -5.493196E-05  6.903833E-06
   7  31.44098   4.08733 19.215971  2.070607E-01 -3.337098E-02  1.517035E-03  2.433072  3.502632E-04 -6.762168E-05  8.441028E-06
   8  29.81225   3.87559 18.833462  2.632022E-01 -3.543124E-02  1.012869E-03  2.432406  4.725261E-04 -8.314521E-05  1.078091E-05
   9  28.22253   3.66893 18.369679  3.206004E-01 -3.665027E-02  5.207793E-04  2.431542  6.196169E-04 -1.028014E-04  1.416110E-05
  10  26.67207   3.46737 17.828299  3.778588E-01 -3.708565E-02  4.084073E-05  2.430448  7.977698E-04 -1.282376E-04  1.894203E-05

  11  25.16112   3.27095 17.215081  4.337623E-01 -3.679402E-02 -4.268695E-04  2.429084  1.015479E-03 -1.616248E-04  2.566038E-05
  12  23.68992   3.07969 16.537402  4.872672E-01 -3.583102E-02 -8.822710E-04  2.427401  1.284129E-03 -2.058988E-04  3.510871E-05
  13  22.25877   2.89364 15.803836  5.374922E-01 -3.425134E-02 -1.325280E-03  2.425334  1.618892E-03 -2.650977E-04  4.845526E-05
  14  20.86793   2.71283 15.023784  5.837098E-01 -3.210869E-02 -1.755809E-03  2.422802  2.040006E-03 -3.448408E-04  6.742485E-05
  15  19.51770   2.53730 14.207135  6.253364E-01 -2.945577E-02 -2.173767E-03  2.419703  2.574537E-03 -4.530126E-04  9.457201E-05
  16  18.20838   2.36709 13.363978  6.619241E-01 -2.634431E-02 -2.579059E-03  2.415905  3.258812E-03 -6.007434E-04  1.336919E-04
  17  16.94031   2.20224 12.504341  6.931518E-01 -2.282501E-02 -2.971585E-03  2.411240  4.141770E-03 -8.038137E-04  1.904355E-04
  18  15.71382   2.04280 11.637972  7.188162E-01 -1.894756E-02 -3.351240E-03  2.405491  5.289519E-03 -1.084652E-03  2.732193E-04
  19  14.52927   1.88880 10.774155  7.388237E-01 -1.476066E-02 -3.717914E-03  2.398382  6.791487E-03 -1.475142E-03  3.945471E-04
  20  13.38702   1.74031  9.921552  7.531817E-01 -1.031195E-02 -4.071491E-03  2.389554  8.768601E-03 -2.020493E-03  5.728661E-04

  21  12.28748   1.59737  9.088085  7.619904E-01 -5.648060E-03 -4.411850E-03  2.378552  1.138384E-02 -2.784363E-03  8.350366E-04
  22  11.23106   1.46004  8.280837  7.654344E-01 -8.145789E-04 -4.738859E-03  2.364791  1.485533E-02 -3.855283E-03  1.219290E-03
  23  10.21822   1.32837  7.505985  7.637751E-01  4.143939E-03 -5.052382E-03  2.347535  1.947141E-02 -5.353813E-03  1.778038E-03
  24   9.24941   1.20242  6.768758  7.573425E-01  9.183977E-03 -5.352271E-03  2.325862  2.560567E-02 -7.438703E-03  2.578740E-03
  25   8.32516   1.08227  6.073417  7.465274E-01  1.426305E-02 -5.638370E-03  2.298647  3.372733E-02 -1.030800E-02  3.698944E-03
  26   7.44599   0.96798  5.423257  7.317738E-01  1.933972E-02 -5.910511E-03  2.264554  4.439795E-02 -1.418746E-02  5.208417E-03
  27   6.61251   0.85963  4.820632  7.135716E-01  2.437354E-02 -6.168512E-03  2.222076  5.823995E-02 -1.929415E-02  7.128326E-03
  28   5.82535   0.75730  4.266990  6.924493E-01  2.932508E-02 -6.412176E-03  2.169631  7.585765E-02 -2.576138E-02  9.358911E-03
  29   5.08519   0.66107  3.762938  6.689668E-01  3.415590E-02 -6.641289E-03  2.105757  9.769383E-02 -3.351823E-02  1.158200E-02
  30   4.39280   0.57106  3.308309  6.437085E-01  3.882847E-02 -6.855615E-03  2.029414  1.238232E-01 -4.214410E-02  1.318129E-02

  31   3.74901   0.48737  2.902253  6.172769E-01  4.330615E-02 -7.054896E-03  1.940372  1.537262E-01 -5.076569E-02  1.327123E-02
  32   3.15477   0.41012  2.543336  5.902862E-01  4.755311E-02 -7.238841E-03  1.839607  1.861422E-01 -5.810555E-02  1.093084E-02
  33   2.61113   0.33945  2.229656  5.633565E-01  5.153417E-02 -7.407122E-03  1.729562  2.191275E-01 -6.276523E-02  5.627869E-03
  34   2.11931   0.27551  1.958962  5.371085E-01  5.521463E-02 -7.559365E-03  1.614121  2.503866E-01 -6.369159E-02 -2.387447E-03
  35   1.68070   0.21849  1.728800  5.121594E-01  5.856001E-02 -7.695134E-03  1.498238  2.778003E-01 -6.060523E-02 -1.203469E-02
  36   1.29698   0.16861  1.536660  4.891196E-01  6.153554E-02 -7.813912E-03  1.387316  2.999348E-01 -5.413796E-02 -2.180762E-02
  37   0.97021   0.12613  1.380161  4.685927E-01  6.410542E-02 -7.915062E-03  1.286555  3.163080E-01 -4.560751E-02 -3.037259E-02
  38   0.70301   0.09139  1.257268  4.511803E-01  6.623135E-02 -7.997772E-03  1.200513  3.273297E-01 -3.659630E-02 -3.697339E-02
  39   0.49898   0.06487  1.166602  4.375000E-01  6.786961E-02 -8.060930E-03  1.133019  3.339948E-01 -2.858407E-02 -4.146609E-02
  40   0.36366   0.04728  1.108022  4.282416E-01  6.896330E-02 -8.102819E-03  1.087576  3.374750E-01 -2.279216E-02 -4.407897E-02

  41   0.30914   0.04019  1.084778  4.244698E-01  6.940551E-02 -8.119695E-03  1.069145  3.386516E-01 -2.036272E-02 -4.503502E-02
   Mach 20    THROAT CHARACTERISTIC
             
        POINT        X              Y          MACH NO.      MACH ANG.(D)     PSI (D)     FLOW ANG.(D)        X(IN)         Y(IN)

          1    3.0913716E-01  0.0000000E+00  1.0847776E+00  6.7197746E+01  1.0529038E+00  0.0000000E+00     0.0401878     0.0000000
          2    2.9968938E-01  2.2733784E-02  1.0808196E+00  6.7702118E+01  9.8245330E-01  3.4811254E-02     0.0389596     0.0029554
          3    2.9045753E-01  4.5467569E-02  1.0770581E+00  6.8195247E+01  9.1681691E-01  6.6427763E-02     0.0377595     0.0059108
          4    2.8143631E-01  6.8201353E-02  1.0734886E+00  6.8676517E+01  8.5576299E-01  9.5024047E-02     0.0365867     0.0088662
          5    2.7262016E-01  9.0935137E-02  1.0701068E+00  6.9145286E+01  7.9906689E-01  1.2076881E-01     0.0354406     0.0118216
          6    2.6400330E-01  1.1366892E-01  1.0669086E+00  6.9600893E+01  7.4651091E-01  1.4382499E-01     0.0343204     0.0147770
          7    2.5557964E-01  1.3640271E-01  1.0638898E+00  7.0042658E+01  6.9788437E-01  1.6434976E-01     0.0332254     0.0177324
          8    2.4734286E-01  1.5913649E-01  1.0610463E+00  7.0469885E+01  6.5298359E-01  1.8249452E-01     0.0321546     0.0206877
          9    2.3928637E-01  1.8187027E-01  1.0583743E+00  7.0881870E+01  6.1161200E-01  1.9840486E-01     0.0311072     0.0236431
         10    2.3140329E-01  2.0460406E-01  1.0558697E+00  7.1277900E+01  5.7358019E-01  2.1222051E-01     0.0300824     0.0265985

         11    2.2368649E-01  2.2733784E-01  1.0535288E+00  7.1657260E+01  5.3870607E-01  2.2407524E-01     0.0290792     0.0295539
         12    2.1612856E-01  2.5007163E-01  1.0513475E+00  7.2019244E+01  5.0681496E-01  2.3409680E-01     0.0280967     0.0325093
         13    2.0872186E-01  2.7280541E-01  1.0493223E+00  7.2363158E+01  4.7773972E-01  2.4240679E-01     0.0271338     0.0354647
         14    2.0145844E-01  2.9553920E-01  1.0474492E+00  7.2688328E+01  4.5132091E-01  2.4912055E-01     0.0261896     0.0384201
         15    1.9433017E-01  3.1827298E-01  1.0457246E+00  7.2994111E+01  4.2740693E-01  2.5434708E-01     0.0252629     0.0413755
         16    1.8732865E-01  3.4100676E-01  1.0441447E+00  7.3279902E+01  4.0585415E-01  2.5818887E-01     0.0243527     0.0443309
         17    1.8044527E-01  3.6374055E-01  1.0427059E+00  7.3545146E+01  3.8652703E-01  2.6074190E-01     0.0234579     0.0472863
         18    1.7367127E-01  3.8647433E-01  1.0414044E+00  7.3789343E+01  3.6929826E-01  2.6209546E-01     0.0225773     0.0502417
         19    1.6699767E-01  4.0920812E-01  1.0402367E+00  7.4012062E+01  3.5404880E-01  2.6233217E-01     0.0217097     0.0531971
         20    1.6041539E-01  4.3194190E-01  1.0391991E+00  7.4212946E+01  3.4066795E-01  2.6152787E-01     0.0208540     0.0561524

         21    1.5391523E-01  4.5467569E-01  1.0382882E+00  7.4391723E+01  3.2905341E-01  2.5975170E-01     0.0200090     0.0591078
         22    1.4748792E-01  4.7740947E-01  1.0375005E+00  7.4548207E+01  3.1911120E-01  2.5706604E-01     0.0191734     0.0620632
         23    1.4112417E-01  5.0014325E-01  1.0368326E+00  7.4682307E+01  3.1075568E-01  2.5352664E-01     0.0183461     0.0650186
         24    1.3481466E-01  5.2287704E-01  1.0362811E+00  7.4794027E+01  3.0390939E-01  2.4918267E-01     0.0175259     0.0679740
         25    1.2855012E-01  5.4561082E-01  1.0358428E+00  7.4883468E+01  2.9850296E-01  2.4407688E-01     0.0167115     0.0709294
         26    1.2232136E-01  5.6834461E-01  1.0355147E+00  7.4950826E+01  2.9447491E-01  2.3824575E-01     0.0159018     0.0738848
         27    1.1611931E-01  5.9107839E-01  1.0352937E+00  7.4996385E+01  2.9177149E-01  2.3171969E-01     0.0150955     0.0768402
         28    1.0993502E-01  6.1381217E-01  1.0351769E+00  7.5020517E+01  2.9034637E-01  2.2452324E-01     0.0142916     0.0797956
         29    1.0375973E-01  6.3654596E-01  1.0351617E+00  7.5023671E+01  2.9016044E-01  2.1667534E-01     0.0134888     0.0827510
         30    9.7584884E-02  6.5927974E-01  1.0352454E+00  7.5006365E+01  2.9118151E-01  2.0818956E-01     0.0126860     0.0857064

         31    9.1402159E-02  6.8201353E-01  1.0354256E+00  7.4969175E+01  2.9338401E-01  1.9907434E-01     0.0118823     0.0886618
         32    8.5203476E-02  7.0474731E-01  1.0357001E+00  7.4912727E+01  2.9674869E-01  1.8933332E-01     0.0110765     0.0916172
         33    7.8981021E-02  7.2748110E-01  1.0360668E+00  7.4837682E+01  3.0126232E-01  1.7896553E-01     0.0102675     0.0945725
         34    7.2727262E-02  7.5021488E-01  1.0365238E+00  7.4744732E+01  3.0691743E-01  1.6796567E-01     0.0094545     0.0975279
         35    6.6434949E-02  7.7294866E-01  1.0370695E+00  7.4634583E+01  3.1371200E-01  1.5632434E-01     0.0086365     0.1004833
         36    6.0097126E-02  7.9568245E-01  1.0377023E+00  7.4507948E+01  3.2164920E-01  1.4402826E-01     0.0078126     0.1034387
         37    5.3707124E-02  8.1841623E-01  1.0384209E+00  7.4365542E+01  3.3073716E-01  1.3106048E-01     0.0069819     0.1063941
         38    4.7258563E-02  8.4115002E-01  1.0392241E+00  7.4208067E+01  3.4098878E-01  1.1740052E-01     0.0061436     0.1093495
         39    4.0745346E-02  8.6388380E-01  1.0401111E+00  7.4036213E+01  3.5242148E-01  1.0302455E-01     0.0052969     0.1123049
         40    3.4161648E-02  8.8661759E-01  1.0410811E+00  7.3850645E+01  3.6505709E-01  8.7905506E-02     0.0044410     0.1152603

         41    2.7501911E-02  9.0935137E-01  1.0421336E+00  7.3652006E+01  3.7892168E-01  7.2013171E-02     0.0035752     0.1182157
         42    2.0760830E-02  9.3208515E-01  1.0432682E+00  7.3440909E+01  3.9404549E-01  5.5314267E-02     0.0026989     0.1211711
         43    1.3933340E-02  9.5481894E-01  1.0444847E+00  7.3217934E+01  4.1046283E-01  3.7772484E-02     0.0018113     0.1241265
         44    7.0146040E-03  9.7755272E-01  1.0457832E+00  7.2983628E+01  4.2821204E-01  1.9348505E-02     0.0009119     0.1270819
         45    0.0000000E+00  1.0002865E+00  1.0471638E+00  7.2738506E+01  4.4733546E-01  0.0000000E+00     0.0000000     0.1300372
1  Mach 20    INVISCID CONTOUR

  CHARACT   1
        POINT        X              Y          MACH NO.     MACH ANG.(D)      PSI (D)      FLOW ANG.(D)       X(IN)         Y(IN)

          1    4.2020148E+01  0.0000000E+00  2.0000000E+01  2.8659840E+00  1.1619530E+02  0.0000000E+00     5.4626193     0.0000000
          2    8.3303586E+01  2.0667570E+00  2.0000000E+01  2.8659840E+00  1.1619530E+02  0.0000000E+00    10.8294662     0.2686784
          3    1.2458702E+02  4.1335139E+00  2.0000000E+01  2.8659840E+00  1.1619530E+02  0.0000000E+00    16.1963132     0.5373568
          4    1.6587046E+02  6.2002709E+00  2.0000000E+01  2.8659840E+00  1.1619530E+02  0.0000000E+00    21.5631602     0.8060352
          5    2.0715390E+02  8.2670279E+00  2.0000000E+01  2.8659840E+00  1.1619530E+02  0.0000000E+00    26.9300071     1.0747136
          6    2.4843734E+02  1.0333785E+01  2.0000000E+01  2.8659840E+00  1.1619530E+02  0.0000000E+00    32.2968541     1.3433920
          7    2.8972078E+02  1.2400542E+01  2.0000000E+01  2.8659840E+00  1.1619530E+02  0.0000000E+00    37.6637010     1.6120704
          8    3.3100422E+02  1.4467299E+01  2.0000000E+01  2.8659840E+00  1.1619530E+02  0.0000000E+00    43.0305480     1.8807488
          9    3.7228765E+02  1.6534056E+01  2.0000000E+01  2.8659840E+00  1.1619530E+02  0.0000000E+00    48.3973950     2.1494272
         10    4.1357109E+02  1.8600813E+01  2.0000000E+01  2.8659840E+00  1.1619530E+02  0.0000000E+00    53.7642419     2.4181057

         11    4.5485453E+02  2.0667570E+01  2.0000000E+01  2.8659840E+00  1.1619530E+02  0.0000000E+00    59.1310889     2.6867841
         12    4.9613797E+02  2.2734327E+01  2.0000000E+01  2.8659840E+00  1.1619530E+02  0.0000000E+00    64.4979358     2.9554625
         13    5.3742141E+02  2.4801084E+01  2.0000000E+01  2.8659840E+00  1.1619530E+02  0.0000000E+00    69.8647828     3.2241409
         14    5.7870484E+02  2.6867841E+01  2.0000000E+01  2.8659840E+00  1.1619530E+02  0.0000000E+00    75.2316298     3.4928193
         15    6.1998828E+02  2.8934598E+01  2.0000000E+01  2.8659840E+00  1.1619530E+02  0.0000000E+00    80.5984767     3.7614977
         16    6.6127172E+02  3.1001355E+01  2.0000000E+01  2.8659840E+00  1.1619530E+02  0.0000000E+00    85.9653237     4.0301761
         17    7.0255516E+02  3.3068112E+01  2.0000000E+01  2.8659840E+00  1.1619530E+02  0.0000000E+00    91.3321706     4.2988545
         18    7.4383860E+02  3.5134868E+01  2.0000000E+01  2.8659840E+00  1.1619530E+02  0.0000000E+00    96.6990176     4.5675329
         19    7.8512204E+02  3.7201625E+01  2.0000000E+01  2.8659840E+00  1.1619530E+02  0.0000000E+00   102.0658646     4.8362113
         20    8.2640547E+02  3.9268382E+01  2.0000000E+01  2.8659840E+00  1.1619530E+02  0.0000000E+00   107.4327115     5.1048897

         21    8.6768891E+02  4.1335139E+01  2.0000000E+01  2.8659840E+00  1.1619530E+02  0.0000000E+00   112.7995585     5.3735681
         22    9.0897235E+02  4.3401896E+01  2.0000000E+01  2.8659840E+00  1.1619530E+02  0.0000000E+00   118.1664054     5.6422465
         23    9.5025579E+02  4.5468653E+01  2.0000000E+01  2.8659840E+00  1.1619530E+02  0.0000000E+00   123.5332524     5.9109249
         24    9.9153923E+02  4.7535410E+01  2.0000000E+01  2.8659840E+00  1.1619530E+02  0.0000000E+00   128.9000994     6.1796033
         25    1.0328227E+03  4.9602167E+01  2.0000000E+01  2.8659840E+00  1.1619530E+02  0.0000000E+00   134.2669463     6.4482817
         26    1.0741061E+03  5.1668924E+01  2.0000000E+01  2.8659840E+00  1.1619530E+02  0.0000000E+00   139.6337933     6.7169602
         27    1.1153895E+03  5.3735681E+01  2.0000000E+01  2.8659840E+00  1.1619530E+02  0.0000000E+00   145.0006402     6.9856386
         28    1.1566730E+03  5.5802438E+01  2.0000000E+01  2.8659840E+00  1.1619530E+02  0.0000000E+00   150.3674872     7.2543170
         29    1.1979564E+03  5.7869195E+01  2.0000000E+01  2.8659840E+00  1.1619530E+02  0.0000000E+00   155.7343342     7.5229954
         30    1.2392399E+03  5.9935952E+01  2.0000000E+01  2.8659840E+00  1.1619530E+02  0.0000000E+00   161.1011811     7.7916738

         31    1.2805233E+03  6.2002709E+01  2.0000000E+01  2.8659840E+00  1.1619530E+02  0.0000000E+00   166.4680281     8.0603522
         32    1.3218067E+03  6.4069466E+01  2.0000000E+01  2.8659840E+00  1.1619530E+02  0.0000000E+00   171.8348750     8.3290306
         33    1.3630902E+03  6.6136223E+01  2.0000000E+01  2.8659840E+00  1.1619530E+02  0.0000000E+00   177.2017220     8.5977090
         34    1.4043736E+03  6.8202980E+01  2.0000000E+01  2.8659840E+00  1.1619530E+02  0.0000000E+00   182.5685690     8.8663874
         35    1.4456570E+03  7.0269737E+01  2.0000000E+01  2.8659840E+00  1.1619530E+02  0.0000000E+00   187.9354159     9.1350658
         36    1.4869405E+03  7.2336494E+01  2.0000000E+01  2.8659840E+00  1.1619530E+02  0.0000000E+00   193.3022629     9.4037442
         37    1.5282239E+03  7.4403251E+01  2.0000000E+01  2.8659840E+00  1.1619530E+02  0.0000000E+00   198.6691098     9.6724226
         38    1.5695074E+03  7.6470008E+01  2.0000000E+01  2.8659840E+00  1.1619530E+02  0.0000000E+00   204.0359568     9.9411010
         39    1.6107908E+03  7.8536765E+01  2.0000000E+01  2.8659840E+00  1.1619530E+02  0.0000000E+00   209.4028038    10.2097794
         40    1.6520742E+03  8.0603522E+01  2.0000000E+01  2.8659840E+00  1.1619530E+02  0.0000000E+00   214.7696507    10.4784578

         41    1.6933577E+03  8.2670279E+01  2.0000000E+01  2.8659840E+00  1.1619530E+02  0.0000000E+00   220.1364977    10.7471362
         42    1.7346411E+03  8.4737036E+01  2.0000000E+01  2.8659840E+00  1.1619530E+02  0.0000000E+00   225.5033446    11.0158147
         43    1.7759246E+03  8.6803793E+01  2.0000000E+01  2.8659840E+00  1.1619530E+02  0.0000000E+00   230.8701916    11.2844931
         44    1.8172080E+03  8.8870550E+01  2.0000000E+01  2.8659840E+00  1.1619530E+02  0.0000000E+00   236.2370386    11.5531715
         45    1.8584914E+03  9.0937307E+01  2.0000000E+01  2.8659840E+00  1.1619530E+02  0.0000000E+00   241.6038855    11.8218499
         46    1.8997749E+03  9.3004064E+01  2.0000000E+01  2.8659840E+00  1.1619530E+02  0.0000000E+00   246.9707325    12.0905283
         47    1.9410583E+03  9.5070821E+01  2.0000000E+01  2.8659840E+00  1.1619530E+02  0.0000000E+00   252.3375794    12.3592067
         48    1.9823417E+03  9.7137578E+01  2.0000000E+01  2.8659840E+00  1.1619530E+02  0.0000000E+00   257.7044264    12.6278851
         49    2.0236252E+03  9.9204335E+01  2.0000000E+01  2.8659840E+00  1.1619530E+02  0.0000000E+00   263.0712734    12.8965635
         50    2.0649086E+03  1.0127109E+02  2.0000000E+01  2.8659840E+00  1.1619530E+02  0.0000000E+00   268.4381203    13.1652419

         51    2.1061921E+03  1.0333785E+02  2.0000000E+01  2.8659840E+00  1.1619530E+02  0.0000000E+00   273.8049673    13.4339203
         52    2.1474755E+03  1.0540461E+02  2.0000000E+01  2.8659840E+00  1.1619530E+02  0.0000000E+00   279.1718142    13.7025987
         53    2.1887589E+03  1.0747136E+02  2.0000000E+01  2.8659840E+00  1.1619530E+02  0.0000000E+00   284.5386612    13.9712771
         54    2.2300424E+03  1.0953812E+02  2.0000000E+01  2.8659840E+00  1.1619530E+02  0.0000000E+00   289.9055082    14.2399555
         55    2.2713258E+03  1.1160488E+02  2.0000000E+01  2.8659840E+00  1.1619530E+02  0.0000000E+00   295.2723551    14.5086339
         56    2.3126092E+03  1.1367163E+02  2.0000000E+01  2.8659840E+00  1.1619530E+02  0.0000000E+00   300.6392021    14.7773123
         57    2.3538927E+03  1.1573839E+02  2.0000000E+01  2.8659840E+00  1.1619530E+02  0.0000000E+00   306.0060490    15.0459907
         58    2.3951761E+03  1.1780515E+02  2.0000000E+01  2.8659840E+00  1.1619530E+02  0.0000000E+00   311.3728960    15.3146692
         59    2.4364596E+03  1.1987190E+02  2.0000000E+01  2.8659840E+00  1.1619530E+02  0.0000000E+00   316.7397429    15.5833476
         60    2.4777430E+03  1.2193866E+02  2.0000000E+01  2.8659840E+00  1.1619530E+02  0.0000000E+00   322.1065899    15.8520260

         61    2.5190264E+03  1.2400542E+02  2.0000000E+01  2.8659840E+00  1.1619530E+02  0.0000000E+00   327.4734369    16.1207044
         MASS = 1.0000000000

   Mach 20    INTERMEDIATE LEFT CHARACTERISTIC

  CHARACT   2
        POINT        X              Y          MACH NO.     MACH ANG.(D)      PSI (D)      FLOW ANG.(D)       X(IN)         Y(IN)

          1    4.0161954E+01  0.0000000E+00  1.9995030E+01  2.8666970E+00  1.1619179E+02  0.0000000E+00     5.2210541     0.0000000
          2    4.1090874E+01  4.6517747E-02  1.9998437E+01  2.8662082E+00  1.1619419E+02  7.3619226E-04     5.3418136     0.0060473
          3    8.2396522E+01  2.1122036E+00  2.0008315E+01  2.8647920E+00  1.1620117E+02 -5.8093898E-03    10.7115479     0.2745865
          4    1.2372217E+02  4.1768346E+00  2.0005583E+01  2.8651835E+00  1.1619924E+02 -3.9228556E-03    16.0838816     0.5429885
          5    1.6503642E+02  6.2420439E+00  2.0004516E+01  2.8653365E+00  1.1619849E+02 -3.1789338E-03    21.4547342     0.8114657
          6    2.0634557E+02  8.3075106E+00  2.0003898E+01  2.8654250E+00  1.1619805E+02 -2.7467544E-03    26.8249238     1.0799764
          7    2.4765158E+02  1.0373136E+01  2.0003482E+01  2.8654847E+00  1.1619776E+02 -2.4545687E-03    32.1947050     1.3485076
          8    2.8895539E+02  1.2438871E+01  2.0003176E+01  2.8655286E+00  1.1619754E+02 -2.2398007E-03    37.5642003     1.6170533
          9    3.3025754E+02  1.4504690E+01  2.0002939E+01  2.8655626E+00  1.1619737E+02 -2.0732489E-03    42.9334806     1.8856097
         10    3.7155839E+02  1.6570574E+01  2.0002748E+01  2.8655899E+00  1.1619724E+02 -1.9391603E-03    48.3025913     2.1541747

         11    4.1285818E+02  1.8636512E+01  2.0002591E+01  2.8656125E+00  1.1619713E+02 -1.8281737E-03    53.6715637     2.4227466
         12    4.5415708E+02  2.0702494E+01  2.0002457E+01  2.8656316E+00  1.1619703E+02 -1.7343242E-03    59.0404206     2.6913243
         13    4.9545522E+02  2.2768515E+01  2.0002343E+01  2.8656480E+00  1.1619695E+02 -1.6536054E-03    64.4091790     2.9599069
         14    5.3675271E+02  2.4834568E+01  2.0002243E+01  2.8656624E+00  1.1619688E+02 -1.5832120E-03    69.7778521     3.2284938
         15    5.7804962E+02  2.6900650E+01  2.0002155E+01  2.8656750E+00  1.1619682E+02 -1.5211129E-03    75.1464505     3.4970845
         16    6.1934602E+02  2.8966757E+01  2.0002076E+01  2.8656863E+00  1.1619676E+02 -1.4657960E-03    80.5149827     3.7656785
         17    6.6064197E+02  3.1032888E+01  2.0002006E+01  2.8656964E+00  1.1619671E+02 -1.4161097E-03    85.8834556     4.0342754
         18    7.0193750E+02  3.3099039E+01  2.0001942E+01  2.8657055E+00  1.1619667E+02 -1.3711584E-03    91.2518751     4.3028751
         19    7.4323266E+02  3.5165209E+01  2.0001884E+01  2.8657138E+00  1.1619663E+02 -1.3302345E-03    96.6202461     4.5714771
         20    7.8452748E+02  3.7231396E+01  2.0001831E+01  2.8657214E+00  1.1619659E+02 -1.2927701E-03   101.9885730     4.8400814

         21    8.2582199E+02  3.9297598E+01  2.0001782E+01  2.8657284E+00  1.1619656E+02 -1.2583035E-03   107.3568592     5.1086877
         22    8.6711622E+02  4.1363815E+01  2.0001737E+01  2.8657349E+00  1.1619652E+02 -1.2264551E-03   112.7251081     5.3772959
         23    9.0841017E+02  4.3430045E+01  2.0001695E+01  2.8657409E+00  1.1619649E+02 -1.1969090E-03   118.0933223     5.6459059
         24    9.4970388E+02  4.5496288E+01  2.0001656E+01  2.8657465E+00  1.1619647E+02 -1.1694007E-03   123.4615043     5.9145174
         25    9.9099736E+02  4.7562542E+01  2.0001619E+01  2.8657517E+00  1.1619644E+02 -1.1437060E-03   128.8296563     6.1831305
         26    1.0322906E+03  4.9628807E+01  2.0001585E+01  2.8657566E+00  1.1619642E+02 -1.1196340E-03   134.1977802     6.4517449
         27    1.0735837E+03  5.1695082E+01  2.0001553E+01  2.8657612E+00  1.1619639E+02 -1.0970208E-03   139.5658778     6.7203607
         28    1.1148765E+03  5.3761367E+01  2.0001523E+01  2.8657656E+00  1.1619637E+02 -1.0757247E-03   144.9339506     6.9889777
         29    1.1561692E+03  5.5827661E+01  2.0001495E+01  2.8657696E+00  1.1619635E+02 -1.0556226E-03   150.3020000     7.2575959
         30    1.1974617E+03  5.7893963E+01  2.0001468E+01  2.8657735E+00  1.1619633E+02 -1.0366069E-03   155.6700274     7.5262152

         31    1.2387541E+03  5.9960273E+01  2.0001442E+01  2.8657772E+00  1.1619632E+02 -1.0185831E-03   161.0380339     7.7948355
         32    1.2800463E+03  6.2026591E+01  2.0001418E+01  2.8657806E+00  1.1619630E+02 -1.0014680E-03   166.4060205     8.0634569
         33    1.3213384E+03  6.4092917E+01  2.0001395E+01  2.8657839E+00  1.1619628E+02 -9.8518752E-04   171.7739884     8.3320792
         34    1.3626303E+03  6.6159249E+01  2.0001373E+01  2.8657871E+00  1.1619627E+02 -9.6967607E-04   177.1419382     8.6007023
         35    1.4039221E+03  6.8225587E+01  2.0001352E+01  2.8657901E+00  1.1619625E+02 -9.5487492E-04   182.5098710     8.8693264
         36    1.4452137E+03  7.0291932E+01  2.0001332E+01  2.8657930E+00  1.1619624E+02 -9.4073145E-04   187.8777874     9.1379512
         37    1.4865053E+03  7.2358283E+01  2.0001313E+01  2.8657957E+00  1.1619622E+02 -9.2719836E-04   193.2456883     9.4065769
         38    1.5277967E+03  7.4424640E+01  2.0001294E+01  2.8657984E+00  1.1619621E+02 -9.1423296E-04   198.6135741     9.6752032
         39    1.5690880E+03  7.6491003E+01  2.0001277E+01  2.8658009E+00  1.1619620E+02 -9.0179665E-04   203.9814457     9.9438303
         40    1.6103793E+03  7.8557370E+01  2.0001260E+01  2.8658033E+00  1.1619619E+02 -8.8985439E-04   209.3493035    10.2124581

         41    1.6516704E+03  8.0623743E+01  2.0001244E+01  2.8658056E+00  1.1619618E+02 -8.7837430E-04   214.7171480    10.4810866
         42    1.6929614E+03  8.2690121E+01  2.0001228E+01  2.8658079E+00  1.1619617E+02 -8.6732733E-04   220.0849799    10.7497157
         43    1.7342523E+03  8.4756503E+01  2.0001213E+01  2.8658100E+00  1.1619615E+02 -8.5668691E-04   225.4527995    11.0183454
         44    1.7755431E+03  8.6822890E+01  2.0001198E+01  2.8658121E+00  1.1619614E+02 -8.4642869E-04   230.8206074    11.2869757
         45    1.8168339E+03  8.8889281E+01  2.0001184E+01  2.8658141E+00  1.1619613E+02 -8.3653034E-04   236.1884038    11.5556065
         46    1.8581245E+03  9.0955676E+01  2.0001171E+01  2.8658161E+00  1.1619612E+02 -8.2697128E-04   241.5561893    11.8242379
         47    1.8994151E+03  9.3022076E+01  2.0001158E+01  2.8658180E+00  1.1619612E+02 -8.1773257E-04   246.9239642    12.0928699
         48    1.9407056E+03  9.5088480E+01  2.0001145E+01  2.8658198E+00  1.1619611E+02 -8.0879671E-04   252.2917288    12.3615023
         49    1.9819960E+03  9.7154887E+01  2.0001133E+01  2.8658215E+00  1.1619610E+02 -8.0014750E-04   257.6594835    12.6301353
         50    2.0232864E+03  9.9221298E+01  2.0001121E+01  2.8658232E+00  1.1619609E+02 -7.9176993E-04   263.0272286    12.8987687

         51    2.0645766E+03  1.0128771E+02  2.0001109E+01  2.8658249E+00  1.1619608E+02 -7.8365009E-04   268.3949644    13.1674026
         52    2.1058669E+03  1.0335413E+02  2.0001098E+01  2.8658265E+00  1.1619607E+02 -7.7577501E-04   273.7626911    13.4360370
         53    2.1471570E+03  1.0542055E+02  2.0001087E+01  2.8658280E+00  1.1619607E+02 -7.6813265E-04   279.1304091    13.7046718
         54    2.1884471E+03  1.0748698E+02  2.0001077E+01  2.8658295E+00  1.1619606E+02 -7.6071177E-04   284.4981186    13.9733070
         55    2.2297371E+03  1.0955340E+02  2.0001067E+01  2.8658310E+00  1.1619605E+02 -7.5350186E-04   289.8658199    14.2419426
         56    2.2710270E+03  1.1161984E+02  2.0001057E+01  2.8658324E+00  1.1619604E+02 -7.4649313E-04   295.2335131    14.5105787
         57    2.3123169E+03  1.1368627E+02  2.0001047E+01  2.8658338E+00  1.1619604E+02 -7.3967638E-04   300.6011986    14.7792151
         58    2.3536067E+03  1.1575271E+02  2.0001038E+01  2.8658352E+00  1.1619603E+02 -7.3304300E-04   305.9688764    15.0478519
         59    2.3948965E+03  1.1781915E+02  2.0001029E+01  2.8658365E+00  1.1619602E+02 -7.2658493E-04   311.3365468    15.3164891
         60    2.4361862E+03  1.1988559E+02  2.0001020E+01  2.8658377E+00  1.1619602E+02 -7.2029457E-04   316.7042101    15.5851266

         61    2.4774759E+03  1.2195203E+02  2.0001011E+01  2.8658390E+00  1.1619601E+02 -7.1416478E-04   322.0718664    15.8537645
         62    2.5187655E+03  1.2401848E+02  2.0001003E+01  2.8658402E+00  1.1619601E+02 -7.0818886E-04   327.4395158    16.1224027
    CONTOUR    2.5185045E+03  1.2400542E+02  2.0001003E+01

   Mach 20    INTERMEDIATE LEFT CHARACTERISTIC

  CHARACT   3
        POINT        X              Y          MACH NO.     MACH ANG.(D)      PSI (D)      FLOW ANG.(D)       X(IN)         Y(IN)

          1    3.8341491E+01  0.0000000E+00  1.9962605E+01  2.8713572E+00  1.1616883E+02  0.0000000E+00     4.9843939     0.0000000
          2    3.9250459E+01  4.5614102E-02  1.9981293E+01  2.8686694E+00  1.1618207E+02  5.6218751E-03     5.1025597     0.0059298
          3    4.0177994E+01  9.2179606E-02  1.9988194E+01  2.8676782E+00  1.1618695E+02  6.1021459E-03     5.2231392     0.0119833
          4    8.1530234E+01  2.1557377E+00  2.0031229E+01  2.8615122E+00  1.1621733E+02 -2.1688388E-02    10.5989305     0.2802459
          5    1.2297205E+02  4.2144853E+00  2.0021089E+01  2.8629626E+00  1.1621018E+02 -1.4779508E-02    15.9863659     0.5478831
          6    1.6437181E+02  6.2753862E+00  2.0017073E+01  2.8635374E+00  1.1620735E+02 -1.2000799E-02    21.3683352     0.8158002
          7    2.0575245E+02  8.3372577E+00  2.0014742E+01  2.8638712E+00  1.1620571E+02 -1.0377484E-02    26.7478190     1.0838435
          8    2.4712127E+02  1.0399728E+01  2.0013168E+01  2.8640967E+00  1.1620459E+02 -9.2771626E-03    32.1257645     1.3519646
          9    2.8848178E+02  1.2462617E+01  2.0012012E+01  2.8642623E+00  1.1620378E+02 -8.4672066E-03    37.5026310     1.6201402
         10    3.2983604E+02  1.4525821E+01  2.0011115E+01  2.8643907E+00  1.1620315E+02 -7.8385173E-03    42.8786848     1.8883567

         11    3.7118536E+02  1.6589273E+01  2.0010394E+01  2.8644940E+00  1.1620264E+02 -7.3320604E-03    48.2540974     2.1566055
         12    4.1253067E+02  1.8652928E+01  2.0009797E+01  2.8645795E+00  1.1620222E+02 -6.9126814E-03    53.6289871     2.4248806
         13    4.5387261E+02  2.0716752E+01  2.0009293E+01  2.8646518E+00  1.1620186E+02 -6.5579484E-03    59.0034395     2.6931778
         14    4.9521169E+02  2.2780720E+01  2.0008859E+01  2.8647139E+00  1.1620155E+02 -6.2527770E-03    64.3775191     2.9614936
         15    5.3654828E+02  2.4844813E+01  2.0008481E+01  2.8647681E+00  1.1620129E+02 -5.9865964E-03    69.7512760     3.2298257
         16    5.7788269E+02  2.6909015E+01  2.0008148E+01  2.8648159E+00  1.1620105E+02 -5.7517478E-03    75.1247499     3.4981720
         17    6.1921518E+02  2.8973314E+01  2.0007851E+01  2.8648585E+00  1.1620084E+02 -5.5425269E-03    80.4979730     3.7665309
         18    6.6054594E+02  3.1037700E+01  2.0007584E+01  2.8648967E+00  1.1620065E+02 -5.3545861E-03    85.8709717     4.0349010
         19    7.0187514E+02  3.3102164E+01  2.0007343E+01  2.8649313E+00  1.1620048E+02 -5.1845453E-03    91.2437683     4.3032813
         20    7.4320293E+02  3.5166698E+01  2.0007123E+01  2.8649628E+00  1.1620033E+02 -5.0297316E-03    96.6163813     4.5716708

         21    7.8452944E+02  3.7231298E+01  2.0006922E+01  2.8649916E+00  1.1620019E+02 -4.8879996E-03   101.9888269     4.8400687
         22    8.2585476E+02  3.9295956E+01  2.0006737E+01  2.8650181E+00  1.1620006E+02 -4.7576051E-03   107.3611188     5.1084743
         23    8.6717899E+02  4.1360670E+01  2.0006566E+01  2.8650426E+00  1.1619993E+02 -4.6371126E-03   112.7332691     5.3768870
         24    9.0850222E+02  4.3425434E+01  2.0006408E+01  2.8650653E+00  1.1619982E+02 -4.5253290E-03   118.1052881     5.6453064
         25    9.4982450E+02  4.5490244E+01  2.0006260E+01  2.8650864E+00  1.1619972E+02 -4.4212533E-03   123.4771852     5.9137318
         26    9.9114591E+02  4.7555099E+01  2.0006122E+01  2.8651062E+00  1.1619962E+02 -4.3240386E-03   128.8489687     6.1821629
         27    1.0324665E+03  4.9619995E+01  2.0005993E+01  2.8651247E+00  1.1619953E+02 -4.2329629E-03   134.2206458     6.4505994
         28    1.0737863E+03  5.1684929E+01  2.0005872E+01  2.8651421E+00  1.1619944E+02 -4.1474059E-03   139.5922231     6.7190408
         29    1.1151054E+03  5.3749900E+01  2.0005758E+01  2.8651584E+00  1.1619936E+02 -4.0668322E-03   144.9637067     6.9874870
         30    1.1564239E+03  5.5814904E+01  2.0005650E+01  2.8651739E+00  1.1619929E+02 -3.9907760E-03   150.3351018     7.2559376

         31    1.1977416E+03  5.7879941E+01  2.0005548E+01  2.8651885E+00  1.1619922E+02 -3.9188303E-03   155.7064133     7.5243924
         32    1.2390588E+03  5.9945009E+01  2.0005451E+01  2.8652024E+00  1.1619915E+02 -3.8506379E-03   161.0776457     7.7928511
         33    1.2803754E+03  6.2010105E+01  2.0005360E+01  2.8652155E+00  1.1619908E+02 -3.7858835E-03   166.4488030     8.0613136
         34    1.3216915E+03  6.4075229E+01  2.0005272E+01  2.8652280E+00  1.1619902E+02 -3.7242874E-03   171.8198890     8.3297797
         35    1.3630070E+03  6.6140379E+01  2.0005189E+01  2.8652399E+00  1.1619896E+02 -3.6656012E-03   177.1909070     8.5982492
         36    1.4043220E+03  6.8205554E+01  2.0005110E+01  2.8652513E+00  1.1619891E+02 -3.6096027E-03   182.5618603     8.8667220
         37    1.4456366E+03  7.0270753E+01  2.0005034E+01  2.8652622E+00  1.1619885E+02 -3.5560929E-03   187.9327518     9.1351978
         38    1.4869506E+03  7.2335974E+01  2.0004962E+01  2.8652726E+00  1.1619880E+02 -3.5048928E-03   193.3035841     9.4036766
         39    1.5282643E+03  7.4401218E+01  2.0004892E+01  2.8652825E+00  1.1619875E+02 -3.4558408E-03   198.6743598     9.6721583
         40    1.5695775E+03  7.6466482E+01  2.0004825E+01  2.8652921E+00  1.1619871E+02 -3.4087910E-03   204.0450812     9.9406427

         41    1.6108904E+03  7.8531766E+01  2.0004761E+01  2.8653013E+00  1.1619866E+02 -3.3636106E-03   209.4157506    10.2091296
         42    1.6522028E+03  8.0597070E+01  2.0004700E+01  2.8653101E+00  1.1619862E+02 -3.3201791E-03   214.7863700    10.4776191
         43    1.6935149E+03  8.2662392E+01  2.0004641E+01  2.8653186E+00  1.1619858E+02 -3.2783866E-03   220.1569412    10.7461110
         44    1.7348267E+03  8.4727733E+01  2.0004584E+01  2.8653267E+00  1.1619854E+02 -3.2381325E-03   225.5274661    11.0146052
         45    1.7761380E+03  8.6793090E+01  2.0004529E+01  2.8653346E+00  1.1619850E+02 -3.1993248E-03   230.8979463    11.2831017
         46    1.8174491E+03  8.8858464E+01  2.0004476E+01  2.8653422E+00  1.1619846E+02 -3.1618787E-03   236.2683835    11.5516003
         47    1.8587598E+03  9.0923854E+01  2.0004425E+01  2.8653496E+00  1.1619842E+02 -3.1257166E-03   241.6387792    11.8201010
         48    1.9000703E+03  9.2989259E+01  2.0004375E+01  2.8653567E+00  1.1619839E+02 -3.0907667E-03   247.0091347    12.0886037
         49    1.9413804E+03  9.5054680E+01  2.0004327E+01  2.8653635E+00  1.1619835E+02 -3.0569627E-03   252.3794513    12.3571084
         50    1.9826902E+03  9.7120115E+01  2.0004281E+01  2.8653702E+00  1.1619832E+02 -3.0242435E-03   257.7497304    12.6256149

         51    2.0239998E+03  9.9185563E+01  2.0004236E+01  2.8653766E+00  1.1619829E+02 -2.9925522E-03   263.1199732    12.8941233
         52    2.0653091E+03  1.0125103E+02  2.0004192E+01  2.8653828E+00  1.1619826E+02 -2.9618361E-03   268.4901807    13.1626334
         53    2.1066181E+03  1.0331650E+02  2.0004150E+01  2.8653889E+00  1.1619823E+02 -2.9320462E-03   273.8603540    13.4311452
         54    2.1479269E+03  1.0538199E+02  2.0004109E+01  2.8653948E+00  1.1619820E+02 -2.9031370E-03   279.2304943    13.6996587
         55    2.1892354E+03  1.0744749E+02  2.0004070E+01  2.8654004E+00  1.1619817E+02 -2.8750657E-03   284.6006023    13.9681738
         56    2.2305437E+03  1.0951300E+02  2.0004031E+01  2.8654060E+00  1.1619814E+02 -2.8477928E-03   289.9706791    14.2366905
         57    2.2718517E+03  1.1157853E+02  2.0003993E+01  2.8654114E+00  1.1619812E+02 -2.8212811E-03   295.3407255    14.5052087
         58    2.3131596E+03  1.1364406E+02  2.0003957E+01  2.8654166E+00  1.1619809E+02 -2.7954959E-03   300.7107424    14.7737283
         59    2.3544672E+03  1.1570961E+02  2.0003921E+01  2.8654217E+00  1.1619807E+02 -2.7704045E-03   306.0807306    15.0422494
         60    2.3957745E+03  1.1777517E+02  2.0003887E+01  2.8654267E+00  1.1619804E+02 -2.7459765E-03   311.4506908    15.3107720

         61    2.4370817E+03  1.1984074E+02  2.0003853E+01  2.8654315E+00  1.1619802E+02 -2.7221830E-03   316.8206238    15.5792958
         62    2.4783887E+03  1.2190632E+02  2.0003820E+01  2.8654362E+00  1.1619800E+02 -2.6989971E-03   322.1905303    15.8478210
         63    2.5196955E+03  1.2397190E+02  2.0003788E+01  2.8654408E+00  1.1619797E+02 -2.6763934E-03   327.5604109    16.1163475
    CONTOUR    2.5203755E+03  1.2400536E+02  2.0009187E+01

0OFELD,IP=  0, NN=  1, LINE=  4, POINT= 64
