# Source File: search53\DM53_FM_0_BM_0_ETAD60.txt
# 5.7057826
5.429421700000000328e+01,1.303960000000000119e-01,0.000000000000000000e+00,0.000000000000000000e+00,1.285323889999999913e+00
5.010000000000000142e+01,0.000000000000000000e+00,0.000000000000000000e+00,0.000000000000000000e+00,0.000000000000000000e+00
5.020000000000000284e+01,0.000000000000000000e+00,0.000000000000000000e+00,0.000000000000000000e+00,0.000000000000000000e+00
5.029999999999999716e+01,0.000000000000000000e+00,0.000000000000000000e+00,0.000000000000000000e+00,0.000000000000000000e+00
5.039999999999999858e+01,0.000000000000000000e+00,0.000000000000000000e+00,0.000000000000000000e+00,0.000000000000000000e+00
5.050000000000000000e+01,0.000000000000000000e+00,0.000000000000000000e+00,0.000000000000000000e+00,0.000000000000000000e+00
5.060000000000000142e+01,0.000000000000000000e+00,0.000000000000000000e+00,0.000000000000000000e+00,0.000000000000000000e+00
5.070000000000000284e+01,0.000000000000000000e+00,0.000000000000000000e+00,0.000000000000000000e+00,0.000000000000000000e+00
5.079999999999999716e+01,0.000000000000000000e+00,0.000000000000000000e+00,0.000000000000000000e+00,0.000000000000000000e+00
5.089999999999999858e+01,0.000000000000000000e+00,0.000000000000000000e+00,0.000000000000000000e+00,0.000000000000000000e+00
5.100000000000000000e+01,0.000000000000000000e+00,0.000000000000000000e+00,0.000000000000000000e+00,0.000000000000000000e+00
5.110000000000000142e+01,0.000000000000000000e+00,0.000000000000000000e+00,0.000000000000000000e+00,0.000000000000000000e+00
5.120000000000000284e+01,0.000000000000000000e+00,0.000000000000000000e+00,0.000000000000000000e+00,0.000000000000000000e+00
5.129999999999999716e+01,0.000000000000000000e+00,0.000000000000000000e+00,0.000000000000000000e+00,0.000000000000000000e+00
5.139999999999999858e+01,0.000000000000000000e+00,0.000000000000000000e+00,0.000000000000000000e+00,0.000000000000000000e+00
5.150000000000000000e+01,0.000000000000000000e+00,0.000000000000000000e+00,0.000000000000000000e+00,0.000000000000000000e+00
5.160000000000000142e+01,0.000000000000000000e+00,0.000000000000000000e+00,0.000000000000000000e+00,0.000000000000000000e+00
5.170000000000000284e+01,0.000000000000000000e+00,0.000000000000000000e+00,0.000000000000000000e+00,0.000000000000000000e+00
5.179999999999999716e+01,0.000000000000000000e+00,0.000000000000000000e+00,0.000000000000000000e+00,0.000000000000000000e+00
5.189999999999999858e+01,0.000000000000000000e+00,0.000000000000000000e+00,0.000000000000000000e+00,0.000000000000000000e+00
5.200000000000000000e+01,0.000000000000000000e+00,0.000000000000000000e+00,0.000000000000000000e+00,0.000000000000000000e+00
5.210000000000000142e+01,0.000000000000000000e+00,0.000000000000000000e+00,0.000000000000000000e+00,0.000000000000000000e+00
5.220000000000000284e+01,0.000000000000000000e+00,0.000000000000000000e+00,0.000000000000000000e+00,0.000000000000000000e+00
5.229999999999999716e+01,0.000000000000000000e+00,0.000000000000000000e+00,0.000000000000000000e+00,0.000000000000000000e+00
5.239999999999999858e+01,0.000000000000000000e+00,0.000000000000000000e+00,0.000000000000000000e+00,0.000000000000000000e+00
5.250000000000000000e+01,0.000000000000000000e+00,0.000000000000000000e+00,0.000000000000000000e+00,0.000000000000000000e+00
5.260000000000000142e+01,0.000000000000000000e+00,0.000000000000000000e+00,0.000000000000000000e+00,0.000000000000000000e+00
5.270000000000000284e+01,0.000000000000000000e+00,0.000000000000000000e+00,0.000000000000000000e+00,0.000000000000000000e+00
5.279999999999999716e+01,0.000000000000000000e+00,0.000000000000000000e+00,0.000000000000000000e+00,0.000000000000000000e+00
5.289999999999999858e+01,0.000000000000000000e+00,0.000000000000000000e+00,0.000000000000000000e+00,0.000000000000000000e+00
5.300000000000000000e+01,0.000000000000000000e+00,0.000000000000000000e+00,0.000000000000000000e+00,0.000000000000000000e+00
5.310000000000000142e+01,0.000000000000000000e+00,0.000000000000000000e+00,0.000000000000000000e+00,0.000000000000000000e+00
5.320000000000000284e+01,0.000000000000000000e+00,0.000000000000000000e+00,0.000000000000000000e+00,0.000000000000000000e+00
5.329999999999999716e+01,0.000000000000000000e+00,0.000000000000000000e+00,0.000000000000000000e+00,0.000000000000000000e+00
5.339999999999999858e+01,0.000000000000000000e+00,0.000000000000000000e+00,0.000000000000000000e+00,0.000000000000000000e+00
5.350000000000000000e+01,0.000000000000000000e+00,0.000000000000000000e+00,0.000000000000000000e+00,0.000000000000000000e+00
5.360000000000000142e+01,0.000000000000000000e+00,0.000000000000000000e+00,0.000000000000000000e+00,0.000000000000000000e+00
5.370000000000000284e+01,0.000000000000000000e+00,0.000000000000000000e+00,0.000000000000000000e+00,0.000000000000000000e+00
5.379999999999999716e+01,0.000000000000000000e+00,0.000000000000000000e+00,0.000000000000000000e+00,0.000000000000000000e+00
5.389999999999999858e+01,0.000000000000000000e+00,0.000000000000000000e+00,0.000000000000000000e+00,0.000000000000000000e+00
5.400000000000000000e+01,0.000000000000000000e+00,0.000000000000000000e+00,0.000000000000000000e+00,0.000000000000000000e+00
5.410000000000000142e+01,0.000000000000000000e+00,0.000000000000000000e+00,0.000000000000000000e+00,0.000000000000000000e+00
5.420000000000000284e+01,0.000000000000000000e+00,0.000000000000000000e+00,0.000000000000000000e+00,0.000000000000000000e+00
5.429999999999999716e+01,1.304180000000000061e-01,7.380008220000000389e-03,4.228356469999999812e-01,1.209793880000000099e+00
5.439999999999999858e+01,1.378780000000000006e-01,1.483524579999999926e-01,8.438423359999999818e+00,1.599524790000000030e+00
5.450000000000000000e+01,1.593249999999999944e-01,2.657717709999999900e-01,1.488353689999999929e+01,7.690024020000000293e-01
5.460000000000000142e+01,1.888110000000000066e-01,3.155284289999999991e-01,1.751196690000000089e+01,2.711484009999999834e-01
5.470000000000000284e+01,2.215959999999999874e-01,3.389381269999999780e-01,1.872347919999999988e+01,1.970455690000000037e-01
5.479999999999999716e+01,2.562510000000000066e-01,3.514085100000000073e-01,1.936190919999999949e+01,4.020837149999999943e-02
5.489999999999999858e+01,2.913100000000000134e-01,3.471439150000000251e-01,1.914413340000000119e+01,-1.056036020000000047e-01
5.500000000000000000e+01,3.254090000000000038e-01,3.339702990000000260e-01,1.846778850000000105e+01,-1.578687189999999907e-01
5.510000000000000142e+01,3.579300000000000259e-01,3.155785629999999786e-01,1.751457920000000001e+01,-2.068285119999999921e-01
5.520000000000000284e+01,3.884750000000000147e-01,2.955373299999999870e-01,1.646437710000000010e+01,-1.939961540000000040e-01
5.529999999999999716e+01,4.170800000000000063e-01,2.767793319999999890e-01,1.547098850000000070e+01,-1.811637959999999881e-01
5.539999999999999858e+01,4.438730000000000175e-01,2.592619190000000073e-01,1.453459789999999963e+01,-1.714637039999999946e-01
5.550000000000000000e+01,4.689440000000000275e-01,2.421821000000000113e-01,1.361389050000000012e+01,-1.701326760000000105e-01
5.560000000000000142e+01,4.923139999999999739e-01,2.252353830000000112e-01,1.269321949999999966e+01,-1.688016479999999986e-01
5.570000000000000284e+01,5.139960000000000084e-01,2.084217700000000062e-01,1.177314510000000070e+01,-1.674706199999999867e-01
5.579999999999999716e+01,5.340160000000000462e-01,1.922176660000000092e-01,1.088055280000000025e+01,-1.544495979999999935e-01
5.589999999999999858e+01,5.524909999999999544e-01,1.775563759999999880e-01,1.006830079999999938e+01,-1.387762100000000109e-01
5.600000000000000000e+01,5.695789999999999464e-01,1.644624239999999959e-01,9.339398010000000028e+00,-1.231028230000000001e-01
5.610000000000000142e+01,5.854359999999999564e-01,1.529358110000000048e-01,8.695202500000000612e+00,-1.074294360000000031e-01
5.620000000000000284e+01,6.002140000000000253e-01,1.427829710000000085e-01,8.125937600000000316e+00,-9.739709320000000670e-02
5.629999999999999716e+01,6.140179999999999527e-01,1.334159420000000096e-01,7.599293760000000120e+00,-8.994349819999999940e-02
5.639999999999999858e+01,6.269219999999999793e-01,1.247942719999999978e-01,7.113410039999999768e+00,-8.248990320000000598e-02
5.650000000000000000e+01,6.390019999999999589e-01,1.169179610000000008e-01,6.668629410000000313e+00,-7.503630819999999868e-02
5.660000000000000142e+01,6.503309999999999924e-01,1.097870100000000043e-01,6.265240689999999724e+00,-6.758271309999999699e-02
5.670000000000000284e+01,6.609770000000000367e-01,1.031939159999999966e-01,5.891721290000000444e+00,-6.430590469999999947e-02
5.679999999999999716e+01,6.709800000000000209e-01,9.692582060000000388e-02,5.536147009999999646e+00,-6.105599889999999835e-02
5.689999999999999858e+01,6.803730000000000055e-01,9.098271600000000514e-02,5.198612709999999915e+00,-5.780609319999999857e-02
5.700000000000000000e+01,6.891880000000000228e-01,8.536460199999999776e-02,4.879202590000000228e+00,-5.455618749999999878e-02
5.710000000000000142e+01,6.974569999999999936e-01,8.007147850000000122e-02,4.577990609999999627e+00,-5.130628179999999899e-02
5.720000000000000284e+01,7.052150000000000363e-01,7.515664860000000058e-02,4.298078320000000119e+00,-4.693880849999999827e-02
5.729999999999999716e+01,7.125029999999999974e-01,7.068384119999999993e-02,4.043161239999999879e+00,-4.251733860000000281e-02
5.739999999999999858e+01,7.193659999999999499e-01,6.665318089999999751e-02,3.813305569999999811e+00,-3.809586859999999908e-02
5.750000000000000000e+01,7.258480000000000487e-01,6.306466750000000454e-02,3.608560419999999880e+00,-3.367439869999999669e-02
5.760000000000000142e+01,7.319940000000000335e-01,5.991830110000000154e-02,3.428966130000000057e+00,-2.925292880000000123e-02
5.770000000000000284e+01,7.378400000000000514e-01,5.699491360000000229e-02,3.262038899999999852e+00,-2.991724340000000149e-02
5.779999999999999716e+01,7.433880000000000488e-01,5.392922440000000317e-02,3.086926640000000166e+00,-3.139654089999999870e-02
5.789999999999999858e+01,7.486209999999999809e-01,5.071560540000000228e-02,2.903302679999999913e+00,-3.287583849999999724e-02
5.800000000000000000e+01,7.535260000000000291e-01,4.735405670000000095e-02,2.711162289999999864e+00,-3.435513610000000273e-02
5.810000000000000142e+01,7.580869999999999553e-01,4.384468030000000099e-02,2.510507259999999796e+00,-3.574507400000000168e-02
5.820000000000000284e+01,7.622970000000000024e-01,4.039174870000000056e-02,2.313019380000000069e+00,-3.331355739999999899e-02
5.829999999999999716e+01,7.661740000000000217e-01,3.718196879999999954e-02,2.129388959999999997e+00,-3.088204069999999843e-02
5.839999999999999858e+01,7.697420000000000373e-01,3.421534059999999794e-02,1.959630140000000020e+00,-2.845052409999999921e-02
5.850000000000000000e+01,7.730249999999999622e-01,3.149186400000000136e-02,1.803754770000000063e+00,-2.601900749999999998e-02
5.860000000000000142e+01,7.760470000000000423e-01,2.897492169999999964e-02,1.659676369999999901e+00,-2.466246969999999830e-02
5.870000000000000284e+01,7.788230000000000430e-01,2.655135499999999871e-02,1.520923250000000060e+00,-2.380886429999999956e-02
5.879999999999999716e+01,7.813600000000000545e-01,2.421314889999999845e-02,1.387040220000000046e+00,-2.295525879999999949e-02
5.889999999999999858e+01,7.836680000000000312e-01,2.196030330000000100e-02,1.258030489999999890e+00,-2.210165340000000075e-02
5.900000000000000000e+01,7.857560000000000100e-01,1.981166219999999992e-02,1.134976149999999961e+00,-2.086028529999999978e-02
5.910000000000000142e+01,7.876349999999999740e-01,1.778826190000000126e-02,1.019084850000000042e+00,-1.960772079999999890e-02
5.920000000000000284e+01,7.893179999999999641e-01,1.589011800000000169e-02,9.103600840000000138e-01,-1.835515630000000148e-02
5.929999999999999716e+01,7.908169999999999922e-01,1.411473599999999926e-02,8.086611040000000195e-01,-1.715714930000000055e-02
5.939999999999999858e+01,7.921449999999999880e-01,1.245866640000000032e-02,7.137920709999999724e-01,-1.596424399999999896e-02
5.950000000000000000e+01,7.933130000000000459e-01,1.092619010000000015e-02,6.259996669999999819e-01,-1.457437770000000014e-02
5.960000000000000142e+01,7.943350000000000133e-01,9.550937109999999355e-03,5.472117480000000533e-01,-1.293068149999999916e-02
5.970000000000000284e+01,7.952289999999999637e-01,8.361530480000000515e-03,4.790692420000000062e-01,-1.023292940000000012e-02
5.979999999999999716e+01,7.960209999999999786e-01,7.549752419999999908e-03,4.325607309999999761e-01,-6.002631970000000053e-03
5.989999999999999858e+01,7.967499999999999583e-01,7.062967399999999993e-03,4.046714940000000205e-01,-4.752456999999999862e-03
6.000000000000000000e+01,7.974329999999999474e-01,6.572761919999999675e-03,3.765860950000000096e-01,-5.051652670000000150e-03
6.000000000000000000e+01,7.974329999999999474e-01,6.572761919999999675e-03,3.765860950000000096e-01,0.000000000000000000e+00
6.020000000000000284e+01,7.974329999999999474e-01,6.572761919999999675e-03,3.765860950000000096e-01,0.000000000000000000e+00
6.029999999999999716e+01,7.974329999999999474e-01,6.572761919999999675e-03,3.765860950000000096e-01,0.000000000000000000e+00
6.039999999999999858e+01,7.974329999999999474e-01,6.572761919999999675e-03,3.765860950000000096e-01,0.000000000000000000e+00
6.050000000000000000e+01,7.974329999999999474e-01,6.572761919999999675e-03,3.765860950000000096e-01,0.000000000000000000e+00
6.060000000000000142e+01,7.974329999999999474e-01,6.572761919999999675e-03,3.765860950000000096e-01,0.000000000000000000e+00
6.070000000000000284e+01,7.974329999999999474e-01,6.572761919999999675e-03,3.765860950000000096e-01,0.000000000000000000e+00
6.079999999999999716e+01,7.974329999999999474e-01,6.572761919999999675e-03,3.765860950000000096e-01,0.000000000000000000e+00
6.089999999999999858e+01,7.974329999999999474e-01,6.572761919999999675e-03,3.765860950000000096e-01,0.000000000000000000e+00
6.100000000000000000e+01,7.974329999999999474e-01,6.572761919999999675e-03,3.765860950000000096e-01,0.000000000000000000e+00
6.110000000000000142e+01,7.974329999999999474e-01,6.572761919999999675e-03,3.765860950000000096e-01,0.000000000000000000e+00
6.120000000000000284e+01,7.974329999999999474e-01,6.572761919999999675e-03,3.765860950000000096e-01,0.000000000000000000e+00
6.129999999999999716e+01,7.974329999999999474e-01,6.572761919999999675e-03,3.765860950000000096e-01,0.000000000000000000e+00
6.139999999999999858e+01,7.974329999999999474e-01,6.572761919999999675e-03,3.765860950000000096e-01,0.000000000000000000e+00
6.150000000000000000e+01,7.974329999999999474e-01,6.572761919999999675e-03,3.765860950000000096e-01,0.000000000000000000e+00
6.160000000000000142e+01,7.974329999999999474e-01,6.572761919999999675e-03,3.765860950000000096e-01,0.000000000000000000e+00
6.170000000000000284e+01,7.974329999999999474e-01,6.572761919999999675e-03,3.765860950000000096e-01,0.000000000000000000e+00
6.179999999999999716e+01,7.974329999999999474e-01,6.572761919999999675e-03,3.765860950000000096e-01,0.000000000000000000e+00
6.189999999999999858e+01,7.974329999999999474e-01,6.572761919999999675e-03,3.765860950000000096e-01,0.000000000000000000e+00
6.200000000000000000e+01,7.974329999999999474e-01,6.572761919999999675e-03,3.765860950000000096e-01,0.000000000000000000e+00
6.210000000000000142e+01,7.974329999999999474e-01,6.572761919999999675e-03,3.765860950000000096e-01,0.000000000000000000e+00
6.220000000000000284e+01,7.974329999999999474e-01,6.572761919999999675e-03,3.765860950000000096e-01,0.000000000000000000e+00
6.229999999999999716e+01,7.974329999999999474e-01,6.572761919999999675e-03,3.765860950000000096e-01,0.000000000000000000e+00
6.239999999999999858e+01,7.974329999999999474e-01,6.572761919999999675e-03,3.765860950000000096e-01,0.000000000000000000e+00
6.250000000000000000e+01,7.974329999999999474e-01,6.572761919999999675e-03,3.765860950000000096e-01,0.000000000000000000e+00
6.260000000000000142e+01,7.974329999999999474e-01,6.572761919999999675e-03,3.765860950000000096e-01,0.000000000000000000e+00
6.270000000000000284e+01,7.974329999999999474e-01,6.572761919999999675e-03,3.765860950000000096e-01,0.000000000000000000e+00
6.279999999999999716e+01,7.974329999999999474e-01,6.572761919999999675e-03,3.765860950000000096e-01,0.000000000000000000e+00
6.289999999999999858e+01,7.974329999999999474e-01,6.572761919999999675e-03,3.765860950000000096e-01,0.000000000000000000e+00
6.300000000000000000e+01,7.974329999999999474e-01,6.572761919999999675e-03,3.765860950000000096e-01,0.000000000000000000e+00
6.310000000000000142e+01,7.974329999999999474e-01,6.572761919999999675e-03,3.765860950000000096e-01,0.000000000000000000e+00
6.320000000000000284e+01,7.974329999999999474e-01,6.572761919999999675e-03,3.765860950000000096e-01,0.000000000000000000e+00
6.329999999999999716e+01,7.974329999999999474e-01,6.572761919999999675e-03,3.765860950000000096e-01,0.000000000000000000e+00
6.339999999999999858e+01,7.974329999999999474e-01,6.572761919999999675e-03,3.765860950000000096e-01,0.000000000000000000e+00
6.350000000000000000e+01,7.974329999999999474e-01,6.572761919999999675e-03,3.765860950000000096e-01,0.000000000000000000e+00
6.360000000000000142e+01,7.974329999999999474e-01,6.572761919999999675e-03,3.765860950000000096e-01,0.000000000000000000e+00
6.370000000000000284e+01,7.974329999999999474e-01,6.572761919999999675e-03,3.765860950000000096e-01,0.000000000000000000e+00
6.379999999999999716e+01,7.974329999999999474e-01,6.572761919999999675e-03,3.765860950000000096e-01,0.000000000000000000e+00
6.389999999999999858e+01,7.974329999999999474e-01,6.572761919999999675e-03,3.765860950000000096e-01,0.000000000000000000e+00
6.400000000000000000e+01,7.974329999999999474e-01,6.572761919999999675e-03,3.765860950000000096e-01,0.000000000000000000e+00
6.409999999999999432e+01,7.974329999999999474e-01,6.572761919999999675e-03,3.765860950000000096e-01,0.000000000000000000e+00
6.420000000000000284e+01,7.974329999999999474e-01,6.572761919999999675e-03,3.765860950000000096e-01,0.000000000000000000e+00
6.429999999999999716e+01,7.974329999999999474e-01,6.572761919999999675e-03,3.765860950000000096e-01,0.000000000000000000e+00
6.440000000000000568e+01,7.974329999999999474e-01,6.572761919999999675e-03,3.765860950000000096e-01,0.000000000000000000e+00
6.450000000000000000e+01,7.974329999999999474e-01,6.572761919999999675e-03,3.765860950000000096e-01,0.000000000000000000e+00
6.459999999999999432e+01,7.974329999999999474e-01,6.572761919999999675e-03,3.765860950000000096e-01,0.000000000000000000e+00
6.470000000000000284e+01,7.974329999999999474e-01,6.572761919999999675e-03,3.765860950000000096e-01,0.000000000000000000e+00
6.479999999999999716e+01,7.974329999999999474e-01,6.572761919999999675e-03,3.765860950000000096e-01,0.000000000000000000e+00
6.490000000000000568e+01,7.974329999999999474e-01,6.572761919999999675e-03,3.765860950000000096e-01,0.000000000000000000e+00
6.500000000000000000e+01,7.974329999999999474e-01,6.572761919999999675e-03,3.765860950000000096e-01,0.000000000000000000e+00
6.509999999999999432e+01,7.974329999999999474e-01,6.572761919999999675e-03,3.765860950000000096e-01,0.000000000000000000e+00
6.520000000000000284e+01,7.974329999999999474e-01,6.572761919999999675e-03,3.765860950000000096e-01,0.000000000000000000e+00
6.529999999999999716e+01,7.974329999999999474e-01,6.572761919999999675e-03,3.765860950000000096e-01,0.000000000000000000e+00
6.540000000000000568e+01,7.974329999999999474e-01,6.572761919999999675e-03,3.765860950000000096e-01,0.000000000000000000e+00
6.550000000000000000e+01,7.974329999999999474e-01,6.572761919999999675e-03,3.765860950000000096e-01,0.000000000000000000e+00
6.559999999999999432e+01,7.974329999999999474e-01,6.572761919999999675e-03,3.765860950000000096e-01,0.000000000000000000e+00
6.570000000000000284e+01,7.974329999999999474e-01,6.572761919999999675e-03,3.765860950000000096e-01,0.000000000000000000e+00
6.579999999999999716e+01,7.974329999999999474e-01,6.572761919999999675e-03,3.765860950000000096e-01,0.000000000000000000e+00
6.590000000000000568e+01,7.974329999999999474e-01,6.572761919999999675e-03,3.765860950000000096e-01,0.000000000000000000e+00
6.600000000000000000e+01,7.974329999999999474e-01,6.572761919999999675e-03,3.765860950000000096e-01,0.000000000000000000e+00
6.609999999999999432e+01,7.974329999999999474e-01,6.572761919999999675e-03,3.765860950000000096e-01,0.000000000000000000e+00
6.620000000000000284e+01,7.974329999999999474e-01,6.572761919999999675e-03,3.765860950000000096e-01,0.000000000000000000e+00
6.629999999999999716e+01,7.974329999999999474e-01,6.572761919999999675e-03,3.765860950000000096e-01,0.000000000000000000e+00
6.640000000000000568e+01,7.974329999999999474e-01,6.572761919999999675e-03,3.765860950000000096e-01,0.000000000000000000e+00
6.650000000000000000e+01,7.974329999999999474e-01,6.572761919999999675e-03,3.765860950000000096e-01,0.000000000000000000e+00
6.659999999999999432e+01,7.974329999999999474e-01,6.572761919999999675e-03,3.765860950000000096e-01,0.000000000000000000e+00
6.670000000000000284e+01,7.974329999999999474e-01,6.572761919999999675e-03,3.765860950000000096e-01,0.000000000000000000e+00
6.679999999999999716e+01,7.974329999999999474e-01,6.572761919999999675e-03,3.765860950000000096e-01,0.000000000000000000e+00
6.690000000000000568e+01,7.974329999999999474e-01,6.572761919999999675e-03,3.765860950000000096e-01,0.000000000000000000e+00
6.700000000000000000e+01,7.974329999999999474e-01,6.572761919999999675e-03,3.765860950000000096e-01,0.000000000000000000e+00
6.709999999999999432e+01,7.974329999999999474e-01,6.572761919999999675e-03,3.765860950000000096e-01,0.000000000000000000e+00
6.720000000000000284e+01,7.974329999999999474e-01,6.572761919999999675e-03,3.765860950000000096e-01,0.000000000000000000e+00
6.729999999999999716e+01,7.974329999999999474e-01,6.572761919999999675e-03,3.765860950000000096e-01,0.000000000000000000e+00
6.740000000000000568e+01,7.974329999999999474e-01,6.572761919999999675e-03,3.765860950000000096e-01,0.000000000000000000e+00
6.750000000000000000e+01,7.974329999999999474e-01,6.572761919999999675e-03,3.765860950000000096e-01,0.000000000000000000e+00
6.759999999999999432e+01,7.974329999999999474e-01,6.572761919999999675e-03,3.765860950000000096e-01,0.000000000000000000e+00
6.770000000000000284e+01,7.974329999999999474e-01,6.572761919999999675e-03,3.765860950000000096e-01,0.000000000000000000e+00
6.779999999999999716e+01,7.974329999999999474e-01,6.572761919999999675e-03,3.765860950000000096e-01,0.000000000000000000e+00
6.790000000000000568e+01,7.974329999999999474e-01,6.572761919999999675e-03,3.765860950000000096e-01,0.000000000000000000e+00
6.800000000000000000e+01,7.974329999999999474e-01,6.572761919999999675e-03,3.765860950000000096e-01,0.000000000000000000e+00
6.809999999999999432e+01,7.974329999999999474e-01,6.572761919999999675e-03,3.765860950000000096e-01,0.000000000000000000e+00
6.820000000000000284e+01,7.974329999999999474e-01,6.572761919999999675e-03,3.765860950000000096e-01,0.000000000000000000e+00
6.829999999999999716e+01,7.974329999999999474e-01,6.572761919999999675e-03,3.765860950000000096e-01,0.000000000000000000e+00
6.840000000000000568e+01,7.974329999999999474e-01,6.572761919999999675e-03,3.765860950000000096e-01,0.000000000000000000e+00
6.850000000000000000e+01,7.974329999999999474e-01,6.572761919999999675e-03,3.765860950000000096e-01,0.000000000000000000e+00
6.859999999999999432e+01,7.974329999999999474e-01,6.572761919999999675e-03,3.765860950000000096e-01,0.000000000000000000e+00
6.870000000000000284e+01,7.974329999999999474e-01,6.572761919999999675e-03,3.765860950000000096e-01,0.000000000000000000e+00
6.879999999999999716e+01,7.974329999999999474e-01,6.572761919999999675e-03,3.765860950000000096e-01,0.000000000000000000e+00
6.890000000000000568e+01,7.974329999999999474e-01,6.572761919999999675e-03,3.765860950000000096e-01,0.000000000000000000e+00
6.900000000000000000e+01,7.974329999999999474e-01,6.572761919999999675e-03,3.765860950000000096e-01,0.000000000000000000e+00
6.909999999999999432e+01,7.974329999999999474e-01,6.572761919999999675e-03,3.765860950000000096e-01,0.000000000000000000e+00
6.920000000000000284e+01,7.974329999999999474e-01,6.572761919999999675e-03,3.765860950000000096e-01,0.000000000000000000e+00
6.929999999999999716e+01,7.974329999999999474e-01,6.572761919999999675e-03,3.765860950000000096e-01,0.000000000000000000e+00
6.940000000000000568e+01,7.974329999999999474e-01,6.572761919999999675e-03,3.765860950000000096e-01,0.000000000000000000e+00
6.950000000000000000e+01,7.974329999999999474e-01,6.572761919999999675e-03,3.765860950000000096e-01,0.000000000000000000e+00
6.959999999999999432e+01,7.974329999999999474e-01,6.572761919999999675e-03,3.765860950000000096e-01,0.000000000000000000e+00
6.970000000000000284e+01,7.974329999999999474e-01,6.572761919999999675e-03,3.765860950000000096e-01,0.000000000000000000e+00
6.979999999999999716e+01,7.974329999999999474e-01,6.572761919999999675e-03,3.765860950000000096e-01,0.000000000000000000e+00
6.990000000000000568e+01,7.974329999999999474e-01,6.572761919999999675e-03,3.765860950000000096e-01,0.000000000000000000e+00
7.000000000000000000e+01,7.974329999999999474e-01,6.572761919999999675e-03,3.765860950000000096e-01,0.000000000000000000e+00
7.009999999999999432e+01,7.974329999999999474e-01,6.572761919999999675e-03,3.765860950000000096e-01,0.000000000000000000e+00
7.020000000000000284e+01,7.974329999999999474e-01,6.572761919999999675e-03,3.765860950000000096e-01,0.000000000000000000e+00
7.029999999999999716e+01,7.974329999999999474e-01,6.572761919999999675e-03,3.765860950000000096e-01,0.000000000000000000e+00
7.040000000000000568e+01,7.974329999999999474e-01,6.572761919999999675e-03,3.765860950000000096e-01,0.000000000000000000e+00
7.050000000000000000e+01,7.974329999999999474e-01,6.572761919999999675e-03,3.765860950000000096e-01,0.000000000000000000e+00
7.059999999999999432e+01,7.974329999999999474e-01,6.572761919999999675e-03,3.765860950000000096e-01,0.000000000000000000e+00
7.070000000000000284e+01,7.974329999999999474e-01,6.572761919999999675e-03,3.765860950000000096e-01,0.000000000000000000e+00
7.079999999999999716e+01,7.974329999999999474e-01,6.572761919999999675e-03,3.765860950000000096e-01,0.000000000000000000e+00
7.090000000000000568e+01,7.974329999999999474e-01,6.572761919999999675e-03,3.765860950000000096e-01,0.000000000000000000e+00
7.100000000000000000e+01,7.974329999999999474e-01,6.572761919999999675e-03,3.765860950000000096e-01,0.000000000000000000e+00
7.109999999999999432e+01,7.974329999999999474e-01,6.572761919999999675e-03,3.765860950000000096e-01,0.000000000000000000e+00
7.120000000000000284e+01,7.974329999999999474e-01,6.572761919999999675e-03,3.765860950000000096e-01,0.000000000000000000e+00
7.129999999999999716e+01,7.974329999999999474e-01,6.572761919999999675e-03,3.765860950000000096e-01,0.000000000000000000e+00
7.140000000000000568e+01,7.974329999999999474e-01,6.572761919999999675e-03,3.765860950000000096e-01,0.000000000000000000e+00
7.150000000000000000e+01,7.974329999999999474e-01,6.572761919999999675e-03,3.765860950000000096e-01,0.000000000000000000e+00
7.159999999999999432e+01,7.974329999999999474e-01,6.572761919999999675e-03,3.765860950000000096e-01,0.000000000000000000e+00
7.170000000000000284e+01,7.974329999999999474e-01,6.572761919999999675e-03,3.765860950000000096e-01,0.000000000000000000e+00
7.179999999999999716e+01,7.974329999999999474e-01,6.572761919999999675e-03,3.765860950000000096e-01,0.000000000000000000e+00
7.190000000000000568e+01,7.974329999999999474e-01,6.572761919999999675e-03,3.765860950000000096e-01,0.000000000000000000e+00
7.200000000000000000e+01,7.974329999999999474e-01,6.572761919999999675e-03,3.765860950000000096e-01,0.000000000000000000e+00
7.209999999999999432e+01,7.974329999999999474e-01,6.572761919999999675e-03,3.765860950000000096e-01,0.000000000000000000e+00
7.220000000000000284e+01,7.974329999999999474e-01,6.572761919999999675e-03,3.765860950000000096e-01,0.000000000000000000e+00
7.229999999999999716e+01,7.974329999999999474e-01,6.572761919999999675e-03,3.765860950000000096e-01,0.000000000000000000e+00
7.240000000000000568e+01,7.974329999999999474e-01,6.572761919999999675e-03,3.765860950000000096e-01,0.000000000000000000e+00
7.250000000000000000e+01,7.974329999999999474e-01,6.572761919999999675e-03,3.765860950000000096e-01,0.000000000000000000e+00
7.259999999999999432e+01,7.974329999999999474e-01,6.572761919999999675e-03,3.765860950000000096e-01,0.000000000000000000e+00
7.270000000000000284e+01,7.974329999999999474e-01,6.572761919999999675e-03,3.765860950000000096e-01,0.000000000000000000e+00
7.279999999999999716e+01,7.974329999999999474e-01,6.572761919999999675e-03,3.765860950000000096e-01,0.000000000000000000e+00
7.290000000000000568e+01,7.974329999999999474e-01,6.572761919999999675e-03,3.765860950000000096e-01,0.000000000000000000e+00
7.300000000000000000e+01,7.974329999999999474e-01,6.572761919999999675e-03,3.765860950000000096e-01,0.000000000000000000e+00
7.309999999999999432e+01,7.974329999999999474e-01,6.572761919999999675e-03,3.765860950000000096e-01,0.000000000000000000e+00
7.320000000000000284e+01,7.974329999999999474e-01,6.572761919999999675e-03,3.765860950000000096e-01,0.000000000000000000e+00
7.329999999999999716e+01,7.974329999999999474e-01,6.572761919999999675e-03,3.765860950000000096e-01,0.000000000000000000e+00
7.340000000000000568e+01,7.974329999999999474e-01,6.572761919999999675e-03,3.765860950000000096e-01,0.000000000000000000e+00
7.350000000000000000e+01,7.974329999999999474e-01,6.572761919999999675e-03,3.765860950000000096e-01,0.000000000000000000e+00
7.359999999999999432e+01,7.974329999999999474e-01,6.572761919999999675e-03,3.765860950000000096e-01,0.000000000000000000e+00
7.370000000000000284e+01,7.974329999999999474e-01,6.572761919999999675e-03,3.765860950000000096e-01,0.000000000000000000e+00
7.379999999999999716e+01,7.974329999999999474e-01,6.572761919999999675e-03,3.765860950000000096e-01,0.000000000000000000e+00
7.390000000000000568e+01,7.974329999999999474e-01,6.572761919999999675e-03,3.765860950000000096e-01,0.000000000000000000e+00
7.400000000000000000e+01,7.974329999999999474e-01,6.572761919999999675e-03,3.765860950000000096e-01,0.000000000000000000e+00
7.409999999999999432e+01,7.974329999999999474e-01,6.572761919999999675e-03,3.765860950000000096e-01,0.000000000000000000e+00
7.420000000000000284e+01,7.974329999999999474e-01,6.572761919999999675e-03,3.765860950000000096e-01,0.000000000000000000e+00
7.429999999999999716e+01,7.974329999999999474e-01,6.572761919999999675e-03,3.765860950000000096e-01,0.000000000000000000e+00
7.440000000000000568e+01,7.974329999999999474e-01,6.572761919999999675e-03,3.765860950000000096e-01,0.000000000000000000e+00
7.450000000000000000e+01,7.974329999999999474e-01,6.572761919999999675e-03,3.765860950000000096e-01,0.000000000000000000e+00
7.459999999999999432e+01,7.974329999999999474e-01,6.572761919999999675e-03,3.765860950000000096e-01,0.000000000000000000e+00
7.470000000000000284e+01,7.974329999999999474e-01,6.572761919999999675e-03,3.765860950000000096e-01,0.000000000000000000e+00
7.479999999999999716e+01,7.974329999999999474e-01,6.572761919999999675e-03,3.765860950000000096e-01,0.000000000000000000e+00
7.490000000000000568e+01,7.974329999999999474e-01,6.572761919999999675e-03,3.765860950000000096e-01,0.000000000000000000e+00
7.500000000000000000e+01,7.974329999999999474e-01,6.572761919999999675e-03,3.765860950000000096e-01,0.000000000000000000e+00
7.509999999999999432e+01,7.974329999999999474e-01,6.572761919999999675e-03,3.765860950000000096e-01,0.000000000000000000e+00
7.520000000000000284e+01,7.974329999999999474e-01,6.572761919999999675e-03,3.765860950000000096e-01,0.000000000000000000e+00
7.529999999999999716e+01,7.974329999999999474e-01,6.572761919999999675e-03,3.765860950000000096e-01,0.000000000000000000e+00
7.540000000000000568e+01,7.974329999999999474e-01,6.572761919999999675e-03,3.765860950000000096e-01,0.000000000000000000e+00
7.550000000000000000e+01,7.974329999999999474e-01,6.572761919999999675e-03,3.765860950000000096e-01,0.000000000000000000e+00
7.559999999999999432e+01,7.974329999999999474e-01,6.572761919999999675e-03,3.765860950000000096e-01,0.000000000000000000e+00
7.570000000000000284e+01,7.974329999999999474e-01,6.572761919999999675e-03,3.765860950000000096e-01,0.000000000000000000e+00
7.579999999999999716e+01,7.974329999999999474e-01,6.572761919999999675e-03,3.765860950000000096e-01,0.000000000000000000e+00
7.590000000000000568e+01,7.974329999999999474e-01,6.572761919999999675e-03,3.765860950000000096e-01,0.000000000000000000e+00
7.600000000000000000e+01,7.974329999999999474e-01,6.572761919999999675e-03,3.765860950000000096e-01,0.000000000000000000e+00
7.609999999999999432e+01,7.974329999999999474e-01,6.572761919999999675e-03,3.765860950000000096e-01,0.000000000000000000e+00
7.620000000000000284e+01,7.974329999999999474e-01,6.572761919999999675e-03,3.765860950000000096e-01,0.000000000000000000e+00
7.629999999999999716e+01,7.974329999999999474e-01,6.572761919999999675e-03,3.765860950000000096e-01,0.000000000000000000e+00
7.640000000000000568e+01,7.974329999999999474e-01,6.572761919999999675e-03,3.765860950000000096e-01,0.000000000000000000e+00
7.650000000000000000e+01,7.974329999999999474e-01,6.572761919999999675e-03,3.765860950000000096e-01,0.000000000000000000e+00
7.659999999999999432e+01,7.974329999999999474e-01,6.572761919999999675e-03,3.765860950000000096e-01,0.000000000000000000e+00
7.670000000000000284e+01,7.974329999999999474e-01,6.572761919999999675e-03,3.765860950000000096e-01,0.000000000000000000e+00
7.679999999999999716e+01,7.974329999999999474e-01,6.572761919999999675e-03,3.765860950000000096e-01,0.000000000000000000e+00
7.690000000000000568e+01,7.974329999999999474e-01,6.572761919999999675e-03,3.765860950000000096e-01,0.000000000000000000e+00
7.700000000000000000e+01,7.974329999999999474e-01,6.572761919999999675e-03,3.765860950000000096e-01,0.000000000000000000e+00
7.709999999999999432e+01,7.974329999999999474e-01,6.572761919999999675e-03,3.765860950000000096e-01,0.000000000000000000e+00
7.720000000000000284e+01,7.974329999999999474e-01,6.572761919999999675e-03,3.765860950000000096e-01,0.000000000000000000e+00
7.729999999999999716e+01,7.974329999999999474e-01,6.572761919999999675e-03,3.765860950000000096e-01,0.000000000000000000e+00
7.740000000000000568e+01,7.974329999999999474e-01,6.572761919999999675e-03,3.765860950000000096e-01,0.000000000000000000e+00
7.750000000000000000e+01,7.974329999999999474e-01,6.572761919999999675e-03,3.765860950000000096e-01,0.000000000000000000e+00
7.759999999999999432e+01,7.974329999999999474e-01,6.572761919999999675e-03,3.765860950000000096e-01,0.000000000000000000e+00
7.770000000000000284e+01,7.974329999999999474e-01,6.572761919999999675e-03,3.765860950000000096e-01,0.000000000000000000e+00
7.779999999999999716e+01,7.974329999999999474e-01,6.572761919999999675e-03,3.765860950000000096e-01,0.000000000000000000e+00
7.790000000000000568e+01,7.974329999999999474e-01,6.572761919999999675e-03,3.765860950000000096e-01,0.000000000000000000e+00
7.800000000000000000e+01,7.974329999999999474e-01,6.572761919999999675e-03,3.765860950000000096e-01,0.000000000000000000e+00
7.809999999999999432e+01,7.974329999999999474e-01,6.572761919999999675e-03,3.765860950000000096e-01,0.000000000000000000e+00
7.820000000000000284e+01,7.974329999999999474e-01,6.572761919999999675e-03,3.765860950000000096e-01,0.000000000000000000e+00
7.829999999999999716e+01,7.974329999999999474e-01,6.572761919999999675e-03,3.765860950000000096e-01,0.000000000000000000e+00
7.840000000000000568e+01,7.974329999999999474e-01,6.572761919999999675e-03,3.765860950000000096e-01,0.000000000000000000e+00
7.850000000000000000e+01,7.974329999999999474e-01,6.572761919999999675e-03,3.765860950000000096e-01,0.000000000000000000e+00
7.859999999999999432e+01,7.974329999999999474e-01,6.572761919999999675e-03,3.765860950000000096e-01,0.000000000000000000e+00
7.870000000000000284e+01,7.974329999999999474e-01,6.572761919999999675e-03,3.765860950000000096e-01,0.000000000000000000e+00
7.879999999999999716e+01,7.974329999999999474e-01,6.572761919999999675e-03,3.765860950000000096e-01,0.000000000000000000e+00
7.890000000000000568e+01,7.974329999999999474e-01,6.572761919999999675e-03,3.765860950000000096e-01,0.000000000000000000e+00
7.900000000000000000e+01,7.974329999999999474e-01,6.572761919999999675e-03,3.765860950000000096e-01,0.000000000000000000e+00
7.909999999999999432e+01,7.974329999999999474e-01,6.572761919999999675e-03,3.765860950000000096e-01,0.000000000000000000e+00
7.920000000000000284e+01,7.974329999999999474e-01,6.572761919999999675e-03,3.765860950000000096e-01,0.000000000000000000e+00
7.929999999999999716e+01,7.974329999999999474e-01,6.572761919999999675e-03,3.765860950000000096e-01,0.000000000000000000e+00
7.940000000000000568e+01,7.974329999999999474e-01,6.572761919999999675e-03,3.765860950000000096e-01,0.000000000000000000e+00
7.950000000000000000e+01,7.974329999999999474e-01,6.572761919999999675e-03,3.765860950000000096e-01,0.000000000000000000e+00
7.959999999999999432e+01,7.974329999999999474e-01,6.572761919999999675e-03,3.765860950000000096e-01,0.000000000000000000e+00
7.970000000000000284e+01,7.974329999999999474e-01,6.572761919999999675e-03,3.765860950000000096e-01,0.000000000000000000e+00
7.979999999999999716e+01,7.974329999999999474e-01,6.572761919999999675e-03,3.765860950000000096e-01,0.000000000000000000e+00
7.990000000000000568e+01,7.974329999999999474e-01,6.572761919999999675e-03,3.765860950000000096e-01,0.000000000000000000e+00
8.000000000000000000e+01,7.974329999999999474e-01,6.572761919999999675e-03,3.765860950000000096e-01,0.000000000000000000e+00
