# Source File: search65\DM65_FM_0_BM_0_ETAD60.txt
# 9.5313173
5.046868299999999863e+01,1.303960000000000119e-01,0.000000000000000000e+00,0.000000000000000000e+00,1.285143300000000099e+00
5.010000000000000142e+01,0.000000000000000000e+00,0.000000000000000000e+00,0.000000000000000000e+00,0.000000000000000000e+00
5.020000000000000284e+01,0.000000000000000000e+00,0.000000000000000000e+00,0.000000000000000000e+00,0.000000000000000000e+00
5.029999999999999716e+01,0.000000000000000000e+00,0.000000000000000000e+00,0.000000000000000000e+00,0.000000000000000000e+00
5.039999999999999858e+01,0.000000000000000000e+00,0.000000000000000000e+00,0.000000000000000000e+00,0.000000000000000000e+00
5.050000000000000000e+01,1.310250000000000026e-01,4.084102819999999717e-02,2.338718810000000037e+00,1.410981309999999933e+00
5.060000000000000142e+01,1.425329999999999930e-01,1.995967559999999863e-01,1.128771519999999917e+01,1.649137419999999965e+00
5.070000000000000284e+01,1.685210000000000041e-01,2.969530659999999878e-01,1.653894839999999888e+01,4.928814420000000029e-01
5.079999999999999716e+01,2.005840000000000123e-01,3.455559810000000120e-01,1.906289659999999841e+01,5.263833669999999909e-01
5.089999999999999858e+01,2.375770000000000104e-01,3.891829490000000003e-01,2.126513909999999896e+01,2.634313899999999875e-01
5.100000000000000000e+01,2.771930000000000227e-01,3.970061280000000137e-01,2.165338089999999838e+01,-8.667808779999999769e-02
5.110000000000000142e+01,3.165149999999999908e-01,3.899712900000000260e-01,2.130435579999999973e+01,-5.401867250000000342e-02
5.120000000000000284e+01,3.552960000000000007e-01,3.862023929999999772e-01,2.111668009999999995e+01,-2.135925719999999875e-02
5.129999999999999716e+01,3.938309999999999866e-01,3.841050679999999939e-01,2.101203560000000081e+01,-4.049734900000000193e-02
5.139999999999999858e+01,4.319529999999999759e-01,3.774813419999999975e-01,2.068058600000000169e+01,-9.197717310000000368e-02
5.150000000000000000e+01,4.691560000000000175e-01,3.657096340000000056e-01,2.008795299999999884e+01,-1.434569970000000028e-01
5.160000000000000142e+01,5.049249999999999572e-01,3.489197039999999972e-01,1.923488610000000065e+01,-1.827803679999999986e-01
5.170000000000000284e+01,5.389119999999999466e-01,3.309148230000000246e-01,1.831014509999999973e+01,-1.773172440000000127e-01
5.179999999999999716e+01,5.711260000000000225e-01,3.134562550000000170e-01,1.740392590000000084e+01,-1.718541189999999996e-01
5.189999999999999858e+01,6.016209999999999614e-01,2.965439990000000026e-01,1.651740739999999974e+01,-1.663909939999999865e-01
5.200000000000000000e+01,6.304530000000000411e-01,2.801780560000000087e-01,1.565170619999999957e+01,-1.609278690000000012e-01
5.210000000000000142e+01,6.576769999999999561e-01,2.644504409999999806e-01,1.481280180000000080e+01,-1.523249469999999883e-01
5.220000000000000284e+01,6.833780000000000410e-01,2.497589460000000094e-01,1.402324379999999948e+01,-1.415049459999999926e-01
5.229999999999999716e+01,7.076649999999999885e-01,2.361494520000000097e-01,1.328694720000000018e+01,-1.306849449999999968e-01
5.239999999999999858e+01,7.306439999999999602e-01,2.236219570000000101e-01,1.260520990000000019e+01,-1.198649440000000010e-01
5.250000000000000000e+01,7.524250000000000105e-01,2.121764630000000096e-01,1.197916170000000058e+01,-1.090449430000000053e-01
5.260000000000000142e+01,7.731160000000000254e-01,2.018129690000000087e-01,1.140977780000000052e+01,-9.822494190000000125e-02
5.270000000000000284e+01,7.928220000000000267e-01,1.924393289999999923e-01,1.089280010000000054e+01,-9.089206880000000321e-02
5.279999999999999716e+01,8.116189999999999793e-01,1.835612080000000035e-01,1.040148899999999976e+01,-8.667036120000000399e-02
5.289999999999999858e+01,8.295489999999999808e-01,1.751052569999999864e-01,9.932096969999999914e+00,-8.244865360000000476e-02
5.300000000000000000e+01,8.466540000000000177e-01,1.670714769999999960e-01,9.484887779999999324e+00,-7.822694600000000553e-02
5.310000000000000142e+01,8.629769999999999941e-01,1.594598680000000046e-01,9.060099550000000335e+00,-7.400523840000000630e-02
5.320000000000000284e+01,8.785600000000000076e-01,1.522704290000000127e-01,8.657946519999999424e+00,-6.978353079999999320e-02
5.329999999999999716e+01,8.934450000000000447e-01,1.455031619999999914e-01,8.278620589999999169e+00,-6.556182319999999397e-02
5.339999999999999858e+01,9.076750000000000096e-01,1.391580649999999975e-01,7.922292900000000415e+00,-6.134011560000000168e-02
5.350000000000000000e+01,9.212909999999999711e-01,1.332390230000000120e-01,7.589334120000000183e+00,-5.704022689999999757e-02
5.360000000000000142e+01,9.343369999999999731e-01,1.277500189999999924e-01,7.280103910000000234e+00,-5.273985199999999679e-02
5.370000000000000284e+01,9.468550000000000022e-01,1.226910529999999944e-01,6.994721900000000048e+00,-4.843947710000000295e-02
5.379999999999999716e+01,9.588889999999999914e-01,1.180621240000000044e-01,6.733292490000000186e+00,-4.413910220000000217e-02
5.389999999999999858e+01,9.704819999999999558e-01,1.138632319999999948e-01,6.495906279999999811e+00,-3.983872730000000140e-02
5.400000000000000000e+01,9.816759999999999931e-01,1.100943780000000066e-01,6.282641270000000056e+00,-3.553835240000000062e-02
5.410000000000000142e+01,9.925150000000000361e-01,1.067555619999999983e-01,6.093564129999999857e+00,-3.123797749999999984e-02
5.420000000000000284e+01,1.003041999999999989e+00,1.038467829999999981e-01,5.928731209999999585e+00,-2.693760259999999906e-02
5.429999999999999716e+01,1.013298999999999950e+00,1.013594190000000062e-01,5.787700489999999753e+00,-2.348088099999999859e-02
5.439999999999999858e+01,1.023317999999999950e+00,9.901999179999999845e-02,5.654993369999999686e+00,-2.330765530000000058e-02
5.450000000000000000e+01,1.033104000000000022e+00,9.669788760000000427e-02,5.523208669999999820e+00,-2.313442959999999909e-02
5.460000000000000142e+01,1.042658000000000085e+00,9.439310589999999612e-02,5.392349079999999795e+00,-2.296120379999999975e-02
5.470000000000000284e+01,1.051982999999999890e+00,9.210564679999999615e-02,5.262417199999999795e+00,-2.278797809999999827e-02
5.479999999999999716e+01,1.061080000000000023e+00,8.983551030000000437e-02,5.133415580000000311e+00,-2.261475240000000025e-02
5.489999999999999858e+01,1.069949999999999957e+00,8.758269629999999861e-02,5.005346710000000421e+00,-2.244152669999999877e-02
5.500000000000000000e+01,1.078597000000000028e+00,8.534720490000000104e-02,4.878213019999999567e+00,-2.226830089999999943e-02
5.510000000000000142e+01,1.087020000000000097e+00,8.312903609999999777e-02,4.752016850000000403e+00,-2.209507520000000141e-02
5.520000000000000284e+01,1.095223000000000058e+00,8.092818990000000268e-02,4.626760510000000437e+00,-2.192184949999999993e-02
5.529999999999999716e+01,1.103207000000000049e+00,7.874186719999999584e-02,4.502286849999999951e+00,-2.183154520000000001e-02
5.539999999999999858e+01,1.110972000000000071e+00,7.656123260000000097e-02,4.378094589999999897e+00,-2.178114810000000151e-02
5.550000000000000000e+01,1.118519000000000041e+00,7.438563759999999858e-02,4.254148250000000075e+00,-2.173075110000000087e-02
5.560000000000000142e+01,1.125849000000000100e+00,7.221508240000000522e-02,4.130449269999999728e+00,-2.168035399999999890e-02
5.570000000000000284e+01,1.132962000000000025e+00,7.004956680000000435e-02,4.006999050000000118e+00,-2.162995699999999827e-02
5.579999999999999716e+01,1.139858999999999956e+00,6.788909099999999863e-02,3.883798989999999840e+00,-2.157955989999999977e-02
5.589999999999999858e+01,1.146539999999999893e+00,6.573365479999999927e-02,3.760850449999999956e+00,-2.152916289999999913e-02
5.600000000000000000e+01,1.153005999999999975e+00,6.358325839999999507e-02,3.638154810000000072e+00,-2.147876580000000063e-02
5.610000000000000142e+01,1.159256999999999982e+00,6.143790169999999856e-02,3.515713419999999978e+00,-2.142836879999999999e-02
5.620000000000000284e+01,1.165294000000000052e+00,5.929803210000000185e-02,3.393553160000000180e+00,-2.130566409999999980e-02
5.629999999999999716e+01,1.171118000000000103e+00,5.719919550000000102e-02,3.273705350000000180e+00,-2.067106910000000158e-02
5.639999999999999858e+01,1.176736000000000004e+00,5.516381830000000042e-02,3.157453799999999866e+00,-2.003647409999999990e-02
5.650000000000000000e+01,1.182153000000000009e+00,5.319190060000000136e-02,3.044801940000000151e+00,-1.940187910000000168e-02
5.660000000000000142e+01,1.187375999999999987e+00,5.128344249999999827e-02,2.935752949999999917e+00,-1.876728410000000000e-02
5.670000000000000284e+01,1.192412000000000027e+00,4.943844380000000233e-02,2.830309769999999947e+00,-1.813268900000000045e-02
5.679999999999999716e+01,1.197265999999999941e+00,4.765690470000000234e-02,2.728475130000000082e+00,-1.749809399999999876e-02
5.689999999999999858e+01,1.201945000000000041e+00,4.593882500000000257e-02,2.630251560000000044e+00,-1.686349900000000054e-02
5.700000000000000000e+01,1.206455999999999973e+00,4.428420489999999876e-02,2.535641360000000066e+00,-1.622890399999999886e-02
5.710000000000000142e+01,1.210803999999999991e+00,4.269176670000000146e-02,2.444573619999999892e+00,-1.568979820000000053e-02
5.720000000000000284e+01,1.214995000000000047e+00,4.113667309999999994e-02,2.355629599999999879e+00,-1.541207399999999957e-02
5.729999999999999716e+01,1.219031999999999893e+00,3.960935189999999911e-02,2.268262959999999939e+00,-1.513434980000000034e-02
5.739999999999999858e+01,1.222917999999999950e+00,3.810980309999999899e-02,2.182474710000000151e+00,-1.485662549999999978e-02
5.750000000000000000e+01,1.226655000000000051e+00,3.663802680000000089e-02,2.098265780000000191e+00,-1.457890130000000055e-02
5.760000000000000142e+01,1.230247000000000090e+00,3.519402289999999656e-02,2.015637050000000041e+00,-1.430117709999999959e-02
5.770000000000000284e+01,1.233694999999999986e+00,3.377779139999999986e-02,1.934589359999999925e+00,-1.402345280000000076e-02
5.779999999999999716e+01,1.237003000000000075e+00,3.238933229999999691e-02,1.855123510000000087e+00,-1.374572859999999980e-02
5.789999999999999858e+01,1.240174000000000110e+00,3.102877639999999937e-02,1.777247709999999925e+00,-1.346383680000000013e-02
5.800000000000000000e+01,1.243209999999999926e+00,2.969661109999999909e-02,1.700990570000000091e+00,-1.317946899999999921e-02
5.810000000000000142e+01,1.246113999999999944e+00,2.839288259999999883e-02,1.626355400000000007e+00,-1.289510110000000043e-02
5.820000000000000284e+01,1.248888999999999916e+00,2.711759089999999858e-02,1.553342819999999902e+00,-1.261073329999999951e-02
5.829999999999999716e+01,1.251538999999999957e+00,2.587073590000000048e-02,1.481953419999999966e+00,-1.232636550000000032e-02
5.839999999999999858e+01,1.254064000000000068e+00,2.465231780000000025e-02,1.412187730000000085e+00,-1.204199769999999940e-02
5.850000000000000000e+01,1.256469999999999976e+00,2.346102959999999890e-02,1.343971430000000078e+00,-1.181907819999999942e-02
5.860000000000000142e+01,1.258756999999999904e+00,2.228611670000000058e-02,1.276689090000000082e+00,-1.167918010000000041e-02
5.870000000000000284e+01,1.260928000000000049e+00,2.112519350000000018e-02,1.210204430000000109e+00,-1.153928209999999926e-02
5.879999999999999716e+01,1.262982999999999967e+00,1.997826020000000036e-02,1.144517739999999950e+00,-1.139938400000000025e-02
5.889999999999999858e+01,1.264923999999999937e+00,1.884531669999999978e-02,1.079629320000000003e+00,-1.125948589999999951e-02
5.900000000000000000e+01,1.266752000000000100e+00,1.772338860000000071e-02,1.015369060000000045e+00,-1.121589549999999977e-02
5.910000000000000142e+01,1.268467999999999929e+00,1.660099829999999929e-02,9.510797749999999606e-01,-1.123190989999999986e-02
5.920000000000000284e+01,1.270072000000000090e+00,1.547700660000000082e-02,8.866963629999999874e-01,-1.124792439999999956e-02
5.929999999999999716e+01,1.271563999999999917e+00,1.435141340000000050e-02,8.222189739999999913e-01,-1.126393879999999965e-02
5.939999999999999858e+01,1.272942000000000018e+00,1.322219680000000057e-02,7.575319270000000493e-01,-1.132095450000000086e-02
5.950000000000000000e+01,1.274208000000000007e+00,1.208722209999999950e-02,6.925130910000000251e-01,-1.137853789999999921e-02
5.960000000000000142e+01,1.275360000000000049e+00,1.095372699999999991e-02,6.275772280000000425e-01,-1.080916780000000001e-02
5.970000000000000284e+01,1.276405999999999930e+00,1.000570079999999959e-02,5.732652969999999515e-01,-8.151356369999999615e-03
5.979999999999999716e+01,1.277369999999999894e+00,9.323408360000000339e-03,5.341764719999999578e-01,-5.547452010000000419e-03
5.989999999999999858e+01,1.278273999999999910e+00,8.748190870000000299e-03,5.012216290000000019e-01,-5.956897840000000173e-03
6.000000000000000000e+01,1.279117999999999977e+00,8.132028790000000659e-03,4.659206579999999875e-01,-6.366343679999999887e-03
6.000000000000000000e+01,1.279117999999999977e+00,8.132028790000000659e-03,4.659206579999999875e-01,0.000000000000000000e+00
6.020000000000000284e+01,1.279117999999999977e+00,8.132028790000000659e-03,4.659206579999999875e-01,0.000000000000000000e+00
6.029999999999999716e+01,1.279117999999999977e+00,8.132028790000000659e-03,4.659206579999999875e-01,0.000000000000000000e+00
6.039999999999999858e+01,1.279117999999999977e+00,8.132028790000000659e-03,4.659206579999999875e-01,0.000000000000000000e+00
6.050000000000000000e+01,1.279117999999999977e+00,8.132028790000000659e-03,4.659206579999999875e-01,0.000000000000000000e+00
6.060000000000000142e+01,1.279117999999999977e+00,8.132028790000000659e-03,4.659206579999999875e-01,0.000000000000000000e+00
6.070000000000000284e+01,1.279117999999999977e+00,8.132028790000000659e-03,4.659206579999999875e-01,0.000000000000000000e+00
6.079999999999999716e+01,1.279117999999999977e+00,8.132028790000000659e-03,4.659206579999999875e-01,0.000000000000000000e+00
6.089999999999999858e+01,1.279117999999999977e+00,8.132028790000000659e-03,4.659206579999999875e-01,0.000000000000000000e+00
6.100000000000000000e+01,1.279117999999999977e+00,8.132028790000000659e-03,4.659206579999999875e-01,0.000000000000000000e+00
6.110000000000000142e+01,1.279117999999999977e+00,8.132028790000000659e-03,4.659206579999999875e-01,0.000000000000000000e+00
6.120000000000000284e+01,1.279117999999999977e+00,8.132028790000000659e-03,4.659206579999999875e-01,0.000000000000000000e+00
6.129999999999999716e+01,1.279117999999999977e+00,8.132028790000000659e-03,4.659206579999999875e-01,0.000000000000000000e+00
6.139999999999999858e+01,1.279117999999999977e+00,8.132028790000000659e-03,4.659206579999999875e-01,0.000000000000000000e+00
6.150000000000000000e+01,1.279117999999999977e+00,8.132028790000000659e-03,4.659206579999999875e-01,0.000000000000000000e+00
6.160000000000000142e+01,1.279117999999999977e+00,8.132028790000000659e-03,4.659206579999999875e-01,0.000000000000000000e+00
6.170000000000000284e+01,1.279117999999999977e+00,8.132028790000000659e-03,4.659206579999999875e-01,0.000000000000000000e+00
6.179999999999999716e+01,1.279117999999999977e+00,8.132028790000000659e-03,4.659206579999999875e-01,0.000000000000000000e+00
6.189999999999999858e+01,1.279117999999999977e+00,8.132028790000000659e-03,4.659206579999999875e-01,0.000000000000000000e+00
6.200000000000000000e+01,1.279117999999999977e+00,8.132028790000000659e-03,4.659206579999999875e-01,0.000000000000000000e+00
6.210000000000000142e+01,1.279117999999999977e+00,8.132028790000000659e-03,4.659206579999999875e-01,0.000000000000000000e+00
6.220000000000000284e+01,1.279117999999999977e+00,8.132028790000000659e-03,4.659206579999999875e-01,0.000000000000000000e+00
6.229999999999999716e+01,1.279117999999999977e+00,8.132028790000000659e-03,4.659206579999999875e-01,0.000000000000000000e+00
6.239999999999999858e+01,1.279117999999999977e+00,8.132028790000000659e-03,4.659206579999999875e-01,0.000000000000000000e+00
6.250000000000000000e+01,1.279117999999999977e+00,8.132028790000000659e-03,4.659206579999999875e-01,0.000000000000000000e+00
6.260000000000000142e+01,1.279117999999999977e+00,8.132028790000000659e-03,4.659206579999999875e-01,0.000000000000000000e+00
6.270000000000000284e+01,1.279117999999999977e+00,8.132028790000000659e-03,4.659206579999999875e-01,0.000000000000000000e+00
6.279999999999999716e+01,1.279117999999999977e+00,8.132028790000000659e-03,4.659206579999999875e-01,0.000000000000000000e+00
6.289999999999999858e+01,1.279117999999999977e+00,8.132028790000000659e-03,4.659206579999999875e-01,0.000000000000000000e+00
6.300000000000000000e+01,1.279117999999999977e+00,8.132028790000000659e-03,4.659206579999999875e-01,0.000000000000000000e+00
6.310000000000000142e+01,1.279117999999999977e+00,8.132028790000000659e-03,4.659206579999999875e-01,0.000000000000000000e+00
6.320000000000000284e+01,1.279117999999999977e+00,8.132028790000000659e-03,4.659206579999999875e-01,0.000000000000000000e+00
6.329999999999999716e+01,1.279117999999999977e+00,8.132028790000000659e-03,4.659206579999999875e-01,0.000000000000000000e+00
6.339999999999999858e+01,1.279117999999999977e+00,8.132028790000000659e-03,4.659206579999999875e-01,0.000000000000000000e+00
6.350000000000000000e+01,1.279117999999999977e+00,8.132028790000000659e-03,4.659206579999999875e-01,0.000000000000000000e+00
6.360000000000000142e+01,1.279117999999999977e+00,8.132028790000000659e-03,4.659206579999999875e-01,0.000000000000000000e+00
6.370000000000000284e+01,1.279117999999999977e+00,8.132028790000000659e-03,4.659206579999999875e-01,0.000000000000000000e+00
6.379999999999999716e+01,1.279117999999999977e+00,8.132028790000000659e-03,4.659206579999999875e-01,0.000000000000000000e+00
6.389999999999999858e+01,1.279117999999999977e+00,8.132028790000000659e-03,4.659206579999999875e-01,0.000000000000000000e+00
6.400000000000000000e+01,1.279117999999999977e+00,8.132028790000000659e-03,4.659206579999999875e-01,0.000000000000000000e+00
6.409999999999999432e+01,1.279117999999999977e+00,8.132028790000000659e-03,4.659206579999999875e-01,0.000000000000000000e+00
6.420000000000000284e+01,1.279117999999999977e+00,8.132028790000000659e-03,4.659206579999999875e-01,0.000000000000000000e+00
6.429999999999999716e+01,1.279117999999999977e+00,8.132028790000000659e-03,4.659206579999999875e-01,0.000000000000000000e+00
6.440000000000000568e+01,1.279117999999999977e+00,8.132028790000000659e-03,4.659206579999999875e-01,0.000000000000000000e+00
6.450000000000000000e+01,1.279117999999999977e+00,8.132028790000000659e-03,4.659206579999999875e-01,0.000000000000000000e+00
6.459999999999999432e+01,1.279117999999999977e+00,8.132028790000000659e-03,4.659206579999999875e-01,0.000000000000000000e+00
6.470000000000000284e+01,1.279117999999999977e+00,8.132028790000000659e-03,4.659206579999999875e-01,0.000000000000000000e+00
6.479999999999999716e+01,1.279117999999999977e+00,8.132028790000000659e-03,4.659206579999999875e-01,0.000000000000000000e+00
6.490000000000000568e+01,1.279117999999999977e+00,8.132028790000000659e-03,4.659206579999999875e-01,0.000000000000000000e+00
6.500000000000000000e+01,1.279117999999999977e+00,8.132028790000000659e-03,4.659206579999999875e-01,0.000000000000000000e+00
6.509999999999999432e+01,1.279117999999999977e+00,8.132028790000000659e-03,4.659206579999999875e-01,0.000000000000000000e+00
6.520000000000000284e+01,1.279117999999999977e+00,8.132028790000000659e-03,4.659206579999999875e-01,0.000000000000000000e+00
6.529999999999999716e+01,1.279117999999999977e+00,8.132028790000000659e-03,4.659206579999999875e-01,0.000000000000000000e+00
6.540000000000000568e+01,1.279117999999999977e+00,8.132028790000000659e-03,4.659206579999999875e-01,0.000000000000000000e+00
6.550000000000000000e+01,1.279117999999999977e+00,8.132028790000000659e-03,4.659206579999999875e-01,0.000000000000000000e+00
6.559999999999999432e+01,1.279117999999999977e+00,8.132028790000000659e-03,4.659206579999999875e-01,0.000000000000000000e+00
6.570000000000000284e+01,1.279117999999999977e+00,8.132028790000000659e-03,4.659206579999999875e-01,0.000000000000000000e+00
6.579999999999999716e+01,1.279117999999999977e+00,8.132028790000000659e-03,4.659206579999999875e-01,0.000000000000000000e+00
6.590000000000000568e+01,1.279117999999999977e+00,8.132028790000000659e-03,4.659206579999999875e-01,0.000000000000000000e+00
6.600000000000000000e+01,1.279117999999999977e+00,8.132028790000000659e-03,4.659206579999999875e-01,0.000000000000000000e+00
6.609999999999999432e+01,1.279117999999999977e+00,8.132028790000000659e-03,4.659206579999999875e-01,0.000000000000000000e+00
6.620000000000000284e+01,1.279117999999999977e+00,8.132028790000000659e-03,4.659206579999999875e-01,0.000000000000000000e+00
6.629999999999999716e+01,1.279117999999999977e+00,8.132028790000000659e-03,4.659206579999999875e-01,0.000000000000000000e+00
6.640000000000000568e+01,1.279117999999999977e+00,8.132028790000000659e-03,4.659206579999999875e-01,0.000000000000000000e+00
6.650000000000000000e+01,1.279117999999999977e+00,8.132028790000000659e-03,4.659206579999999875e-01,0.000000000000000000e+00
6.659999999999999432e+01,1.279117999999999977e+00,8.132028790000000659e-03,4.659206579999999875e-01,0.000000000000000000e+00
6.670000000000000284e+01,1.279117999999999977e+00,8.132028790000000659e-03,4.659206579999999875e-01,0.000000000000000000e+00
6.679999999999999716e+01,1.279117999999999977e+00,8.132028790000000659e-03,4.659206579999999875e-01,0.000000000000000000e+00
6.690000000000000568e+01,1.279117999999999977e+00,8.132028790000000659e-03,4.659206579999999875e-01,0.000000000000000000e+00
6.700000000000000000e+01,1.279117999999999977e+00,8.132028790000000659e-03,4.659206579999999875e-01,0.000000000000000000e+00
6.709999999999999432e+01,1.279117999999999977e+00,8.132028790000000659e-03,4.659206579999999875e-01,0.000000000000000000e+00
6.720000000000000284e+01,1.279117999999999977e+00,8.132028790000000659e-03,4.659206579999999875e-01,0.000000000000000000e+00
6.729999999999999716e+01,1.279117999999999977e+00,8.132028790000000659e-03,4.659206579999999875e-01,0.000000000000000000e+00
6.740000000000000568e+01,1.279117999999999977e+00,8.132028790000000659e-03,4.659206579999999875e-01,0.000000000000000000e+00
6.750000000000000000e+01,1.279117999999999977e+00,8.132028790000000659e-03,4.659206579999999875e-01,0.000000000000000000e+00
6.759999999999999432e+01,1.279117999999999977e+00,8.132028790000000659e-03,4.659206579999999875e-01,0.000000000000000000e+00
6.770000000000000284e+01,1.279117999999999977e+00,8.132028790000000659e-03,4.659206579999999875e-01,0.000000000000000000e+00
6.779999999999999716e+01,1.279117999999999977e+00,8.132028790000000659e-03,4.659206579999999875e-01,0.000000000000000000e+00
6.790000000000000568e+01,1.279117999999999977e+00,8.132028790000000659e-03,4.659206579999999875e-01,0.000000000000000000e+00
6.800000000000000000e+01,1.279117999999999977e+00,8.132028790000000659e-03,4.659206579999999875e-01,0.000000000000000000e+00
6.809999999999999432e+01,1.279117999999999977e+00,8.132028790000000659e-03,4.659206579999999875e-01,0.000000000000000000e+00
6.820000000000000284e+01,1.279117999999999977e+00,8.132028790000000659e-03,4.659206579999999875e-01,0.000000000000000000e+00
6.829999999999999716e+01,1.279117999999999977e+00,8.132028790000000659e-03,4.659206579999999875e-01,0.000000000000000000e+00
6.840000000000000568e+01,1.279117999999999977e+00,8.132028790000000659e-03,4.659206579999999875e-01,0.000000000000000000e+00
6.850000000000000000e+01,1.279117999999999977e+00,8.132028790000000659e-03,4.659206579999999875e-01,0.000000000000000000e+00
6.859999999999999432e+01,1.279117999999999977e+00,8.132028790000000659e-03,4.659206579999999875e-01,0.000000000000000000e+00
6.870000000000000284e+01,1.279117999999999977e+00,8.132028790000000659e-03,4.659206579999999875e-01,0.000000000000000000e+00
6.879999999999999716e+01,1.279117999999999977e+00,8.132028790000000659e-03,4.659206579999999875e-01,0.000000000000000000e+00
6.890000000000000568e+01,1.279117999999999977e+00,8.132028790000000659e-03,4.659206579999999875e-01,0.000000000000000000e+00
6.900000000000000000e+01,1.279117999999999977e+00,8.132028790000000659e-03,4.659206579999999875e-01,0.000000000000000000e+00
6.909999999999999432e+01,1.279117999999999977e+00,8.132028790000000659e-03,4.659206579999999875e-01,0.000000000000000000e+00
6.920000000000000284e+01,1.279117999999999977e+00,8.132028790000000659e-03,4.659206579999999875e-01,0.000000000000000000e+00
6.929999999999999716e+01,1.279117999999999977e+00,8.132028790000000659e-03,4.659206579999999875e-01,0.000000000000000000e+00
6.940000000000000568e+01,1.279117999999999977e+00,8.132028790000000659e-03,4.659206579999999875e-01,0.000000000000000000e+00
6.950000000000000000e+01,1.279117999999999977e+00,8.132028790000000659e-03,4.659206579999999875e-01,0.000000000000000000e+00
6.959999999999999432e+01,1.279117999999999977e+00,8.132028790000000659e-03,4.659206579999999875e-01,0.000000000000000000e+00
6.970000000000000284e+01,1.279117999999999977e+00,8.132028790000000659e-03,4.659206579999999875e-01,0.000000000000000000e+00
6.979999999999999716e+01,1.279117999999999977e+00,8.132028790000000659e-03,4.659206579999999875e-01,0.000000000000000000e+00
6.990000000000000568e+01,1.279117999999999977e+00,8.132028790000000659e-03,4.659206579999999875e-01,0.000000000000000000e+00
7.000000000000000000e+01,1.279117999999999977e+00,8.132028790000000659e-03,4.659206579999999875e-01,0.000000000000000000e+00
7.009999999999999432e+01,1.279117999999999977e+00,8.132028790000000659e-03,4.659206579999999875e-01,0.000000000000000000e+00
7.020000000000000284e+01,1.279117999999999977e+00,8.132028790000000659e-03,4.659206579999999875e-01,0.000000000000000000e+00
7.029999999999999716e+01,1.279117999999999977e+00,8.132028790000000659e-03,4.659206579999999875e-01,0.000000000000000000e+00
7.040000000000000568e+01,1.279117999999999977e+00,8.132028790000000659e-03,4.659206579999999875e-01,0.000000000000000000e+00
7.050000000000000000e+01,1.279117999999999977e+00,8.132028790000000659e-03,4.659206579999999875e-01,0.000000000000000000e+00
7.059999999999999432e+01,1.279117999999999977e+00,8.132028790000000659e-03,4.659206579999999875e-01,0.000000000000000000e+00
7.070000000000000284e+01,1.279117999999999977e+00,8.132028790000000659e-03,4.659206579999999875e-01,0.000000000000000000e+00
7.079999999999999716e+01,1.279117999999999977e+00,8.132028790000000659e-03,4.659206579999999875e-01,0.000000000000000000e+00
7.090000000000000568e+01,1.279117999999999977e+00,8.132028790000000659e-03,4.659206579999999875e-01,0.000000000000000000e+00
7.100000000000000000e+01,1.279117999999999977e+00,8.132028790000000659e-03,4.659206579999999875e-01,0.000000000000000000e+00
7.109999999999999432e+01,1.279117999999999977e+00,8.132028790000000659e-03,4.659206579999999875e-01,0.000000000000000000e+00
7.120000000000000284e+01,1.279117999999999977e+00,8.132028790000000659e-03,4.659206579999999875e-01,0.000000000000000000e+00
7.129999999999999716e+01,1.279117999999999977e+00,8.132028790000000659e-03,4.659206579999999875e-01,0.000000000000000000e+00
7.140000000000000568e+01,1.279117999999999977e+00,8.132028790000000659e-03,4.659206579999999875e-01,0.000000000000000000e+00
7.150000000000000000e+01,1.279117999999999977e+00,8.132028790000000659e-03,4.659206579999999875e-01,0.000000000000000000e+00
7.159999999999999432e+01,1.279117999999999977e+00,8.132028790000000659e-03,4.659206579999999875e-01,0.000000000000000000e+00
7.170000000000000284e+01,1.279117999999999977e+00,8.132028790000000659e-03,4.659206579999999875e-01,0.000000000000000000e+00
7.179999999999999716e+01,1.279117999999999977e+00,8.132028790000000659e-03,4.659206579999999875e-01,0.000000000000000000e+00
7.190000000000000568e+01,1.279117999999999977e+00,8.132028790000000659e-03,4.659206579999999875e-01,0.000000000000000000e+00
7.200000000000000000e+01,1.279117999999999977e+00,8.132028790000000659e-03,4.659206579999999875e-01,0.000000000000000000e+00
7.209999999999999432e+01,1.279117999999999977e+00,8.132028790000000659e-03,4.659206579999999875e-01,0.000000000000000000e+00
7.220000000000000284e+01,1.279117999999999977e+00,8.132028790000000659e-03,4.659206579999999875e-01,0.000000000000000000e+00
7.229999999999999716e+01,1.279117999999999977e+00,8.132028790000000659e-03,4.659206579999999875e-01,0.000000000000000000e+00
7.240000000000000568e+01,1.279117999999999977e+00,8.132028790000000659e-03,4.659206579999999875e-01,0.000000000000000000e+00
7.250000000000000000e+01,1.279117999999999977e+00,8.132028790000000659e-03,4.659206579999999875e-01,0.000000000000000000e+00
7.259999999999999432e+01,1.279117999999999977e+00,8.132028790000000659e-03,4.659206579999999875e-01,0.000000000000000000e+00
7.270000000000000284e+01,1.279117999999999977e+00,8.132028790000000659e-03,4.659206579999999875e-01,0.000000000000000000e+00
7.279999999999999716e+01,1.279117999999999977e+00,8.132028790000000659e-03,4.659206579999999875e-01,0.000000000000000000e+00
7.290000000000000568e+01,1.279117999999999977e+00,8.132028790000000659e-03,4.659206579999999875e-01,0.000000000000000000e+00
7.300000000000000000e+01,1.279117999999999977e+00,8.132028790000000659e-03,4.659206579999999875e-01,0.000000000000000000e+00
7.309999999999999432e+01,1.279117999999999977e+00,8.132028790000000659e-03,4.659206579999999875e-01,0.000000000000000000e+00
7.320000000000000284e+01,1.279117999999999977e+00,8.132028790000000659e-03,4.659206579999999875e-01,0.000000000000000000e+00
7.329999999999999716e+01,1.279117999999999977e+00,8.132028790000000659e-03,4.659206579999999875e-01,0.000000000000000000e+00
7.340000000000000568e+01,1.279117999999999977e+00,8.132028790000000659e-03,4.659206579999999875e-01,0.000000000000000000e+00
7.350000000000000000e+01,1.279117999999999977e+00,8.132028790000000659e-03,4.659206579999999875e-01,0.000000000000000000e+00
7.359999999999999432e+01,1.279117999999999977e+00,8.132028790000000659e-03,4.659206579999999875e-01,0.000000000000000000e+00
7.370000000000000284e+01,1.279117999999999977e+00,8.132028790000000659e-03,4.659206579999999875e-01,0.000000000000000000e+00
7.379999999999999716e+01,1.279117999999999977e+00,8.132028790000000659e-03,4.659206579999999875e-01,0.000000000000000000e+00
7.390000000000000568e+01,1.279117999999999977e+00,8.132028790000000659e-03,4.659206579999999875e-01,0.000000000000000000e+00
7.400000000000000000e+01,1.279117999999999977e+00,8.132028790000000659e-03,4.659206579999999875e-01,0.000000000000000000e+00
7.409999999999999432e+01,1.279117999999999977e+00,8.132028790000000659e-03,4.659206579999999875e-01,0.000000000000000000e+00
7.420000000000000284e+01,1.279117999999999977e+00,8.132028790000000659e-03,4.659206579999999875e-01,0.000000000000000000e+00
7.429999999999999716e+01,1.279117999999999977e+00,8.132028790000000659e-03,4.659206579999999875e-01,0.000000000000000000e+00
7.440000000000000568e+01,1.279117999999999977e+00,8.132028790000000659e-03,4.659206579999999875e-01,0.000000000000000000e+00
7.450000000000000000e+01,1.279117999999999977e+00,8.132028790000000659e-03,4.659206579999999875e-01,0.000000000000000000e+00
7.459999999999999432e+01,1.279117999999999977e+00,8.132028790000000659e-03,4.659206579999999875e-01,0.000000000000000000e+00
7.470000000000000284e+01,1.279117999999999977e+00,8.132028790000000659e-03,4.659206579999999875e-01,0.000000000000000000e+00
7.479999999999999716e+01,1.279117999999999977e+00,8.132028790000000659e-03,4.659206579999999875e-01,0.000000000000000000e+00
7.490000000000000568e+01,1.279117999999999977e+00,8.132028790000000659e-03,4.659206579999999875e-01,0.000000000000000000e+00
7.500000000000000000e+01,1.279117999999999977e+00,8.132028790000000659e-03,4.659206579999999875e-01,0.000000000000000000e+00
7.509999999999999432e+01,1.279117999999999977e+00,8.132028790000000659e-03,4.659206579999999875e-01,0.000000000000000000e+00
7.520000000000000284e+01,1.279117999999999977e+00,8.132028790000000659e-03,4.659206579999999875e-01,0.000000000000000000e+00
7.529999999999999716e+01,1.279117999999999977e+00,8.132028790000000659e-03,4.659206579999999875e-01,0.000000000000000000e+00
7.540000000000000568e+01,1.279117999999999977e+00,8.132028790000000659e-03,4.659206579999999875e-01,0.000000000000000000e+00
7.550000000000000000e+01,1.279117999999999977e+00,8.132028790000000659e-03,4.659206579999999875e-01,0.000000000000000000e+00
7.559999999999999432e+01,1.279117999999999977e+00,8.132028790000000659e-03,4.659206579999999875e-01,0.000000000000000000e+00
7.570000000000000284e+01,1.279117999999999977e+00,8.132028790000000659e-03,4.659206579999999875e-01,0.000000000000000000e+00
7.579999999999999716e+01,1.279117999999999977e+00,8.132028790000000659e-03,4.659206579999999875e-01,0.000000000000000000e+00
7.590000000000000568e+01,1.279117999999999977e+00,8.132028790000000659e-03,4.659206579999999875e-01,0.000000000000000000e+00
7.600000000000000000e+01,1.279117999999999977e+00,8.132028790000000659e-03,4.659206579999999875e-01,0.000000000000000000e+00
7.609999999999999432e+01,1.279117999999999977e+00,8.132028790000000659e-03,4.659206579999999875e-01,0.000000000000000000e+00
7.620000000000000284e+01,1.279117999999999977e+00,8.132028790000000659e-03,4.659206579999999875e-01,0.000000000000000000e+00
7.629999999999999716e+01,1.279117999999999977e+00,8.132028790000000659e-03,4.659206579999999875e-01,0.000000000000000000e+00
7.640000000000000568e+01,1.279117999999999977e+00,8.132028790000000659e-03,4.659206579999999875e-01,0.000000000000000000e+00
7.650000000000000000e+01,1.279117999999999977e+00,8.132028790000000659e-03,4.659206579999999875e-01,0.000000000000000000e+00
7.659999999999999432e+01,1.279117999999999977e+00,8.132028790000000659e-03,4.659206579999999875e-01,0.000000000000000000e+00
7.670000000000000284e+01,1.279117999999999977e+00,8.132028790000000659e-03,4.659206579999999875e-01,0.000000000000000000e+00
7.679999999999999716e+01,1.279117999999999977e+00,8.132028790000000659e-03,4.659206579999999875e-01,0.000000000000000000e+00
7.690000000000000568e+01,1.279117999999999977e+00,8.132028790000000659e-03,4.659206579999999875e-01,0.000000000000000000e+00
7.700000000000000000e+01,1.279117999999999977e+00,8.132028790000000659e-03,4.659206579999999875e-01,0.000000000000000000e+00
7.709999999999999432e+01,1.279117999999999977e+00,8.132028790000000659e-03,4.659206579999999875e-01,0.000000000000000000e+00
7.720000000000000284e+01,1.279117999999999977e+00,8.132028790000000659e-03,4.659206579999999875e-01,0.000000000000000000e+00
7.729999999999999716e+01,1.279117999999999977e+00,8.132028790000000659e-03,4.659206579999999875e-01,0.000000000000000000e+00
7.740000000000000568e+01,1.279117999999999977e+00,8.132028790000000659e-03,4.659206579999999875e-01,0.000000000000000000e+00
7.750000000000000000e+01,1.279117999999999977e+00,8.132028790000000659e-03,4.659206579999999875e-01,0.000000000000000000e+00
7.759999999999999432e+01,1.279117999999999977e+00,8.132028790000000659e-03,4.659206579999999875e-01,0.000000000000000000e+00
7.770000000000000284e+01,1.279117999999999977e+00,8.132028790000000659e-03,4.659206579999999875e-01,0.000000000000000000e+00
7.779999999999999716e+01,1.279117999999999977e+00,8.132028790000000659e-03,4.659206579999999875e-01,0.000000000000000000e+00
7.790000000000000568e+01,1.279117999999999977e+00,8.132028790000000659e-03,4.659206579999999875e-01,0.000000000000000000e+00
7.800000000000000000e+01,1.279117999999999977e+00,8.132028790000000659e-03,4.659206579999999875e-01,0.000000000000000000e+00
7.809999999999999432e+01,1.279117999999999977e+00,8.132028790000000659e-03,4.659206579999999875e-01,0.000000000000000000e+00
7.820000000000000284e+01,1.279117999999999977e+00,8.132028790000000659e-03,4.659206579999999875e-01,0.000000000000000000e+00
7.829999999999999716e+01,1.279117999999999977e+00,8.132028790000000659e-03,4.659206579999999875e-01,0.000000000000000000e+00
7.840000000000000568e+01,1.279117999999999977e+00,8.132028790000000659e-03,4.659206579999999875e-01,0.000000000000000000e+00
7.850000000000000000e+01,1.279117999999999977e+00,8.132028790000000659e-03,4.659206579999999875e-01,0.000000000000000000e+00
7.859999999999999432e+01,1.279117999999999977e+00,8.132028790000000659e-03,4.659206579999999875e-01,0.000000000000000000e+00
7.870000000000000284e+01,1.279117999999999977e+00,8.132028790000000659e-03,4.659206579999999875e-01,0.000000000000000000e+00
7.879999999999999716e+01,1.279117999999999977e+00,8.132028790000000659e-03,4.659206579999999875e-01,0.000000000000000000e+00
7.890000000000000568e+01,1.279117999999999977e+00,8.132028790000000659e-03,4.659206579999999875e-01,0.000000000000000000e+00
7.900000000000000000e+01,1.279117999999999977e+00,8.132028790000000659e-03,4.659206579999999875e-01,0.000000000000000000e+00
7.909999999999999432e+01,1.279117999999999977e+00,8.132028790000000659e-03,4.659206579999999875e-01,0.000000000000000000e+00
7.920000000000000284e+01,1.279117999999999977e+00,8.132028790000000659e-03,4.659206579999999875e-01,0.000000000000000000e+00
7.929999999999999716e+01,1.279117999999999977e+00,8.132028790000000659e-03,4.659206579999999875e-01,0.000000000000000000e+00
7.940000000000000568e+01,1.279117999999999977e+00,8.132028790000000659e-03,4.659206579999999875e-01,0.000000000000000000e+00
7.950000000000000000e+01,1.279117999999999977e+00,8.132028790000000659e-03,4.659206579999999875e-01,0.000000000000000000e+00
7.959999999999999432e+01,1.279117999999999977e+00,8.132028790000000659e-03,4.659206579999999875e-01,0.000000000000000000e+00
7.970000000000000284e+01,1.279117999999999977e+00,8.132028790000000659e-03,4.659206579999999875e-01,0.000000000000000000e+00
7.979999999999999716e+01,1.279117999999999977e+00,8.132028790000000659e-03,4.659206579999999875e-01,0.000000000000000000e+00
7.990000000000000568e+01,1.279117999999999977e+00,8.132028790000000659e-03,4.659206579999999875e-01,0.000000000000000000e+00
8.000000000000000000e+01,1.279117999999999977e+00,8.132028790000000659e-03,4.659206579999999875e-01,0.000000000000000000e+00
