# Source File: search_stream45\DM45_FM_0_BM_0_ETAD60.txt
# 3.9355705
5.606442899999999696e+01,1.304379999999999984e-01,0.000000000000000000e+00,0.000000000000000000e+00,1.293823890000000087e+00
5.010000000000000142e+01,0.000000000000000000e+00,0.000000000000000000e+00,0.000000000000000000e+00,0.000000000000000000e+00
5.020000000000000284e+01,0.000000000000000000e+00,0.000000000000000000e+00,0.000000000000000000e+00,0.000000000000000000e+00
5.029999999999999716e+01,0.000000000000000000e+00,0.000000000000000000e+00,0.000000000000000000e+00,0.000000000000000000e+00
5.039999999999999858e+01,0.000000000000000000e+00,0.000000000000000000e+00,0.000000000000000000e+00,0.000000000000000000e+00
5.050000000000000000e+01,0.000000000000000000e+00,0.000000000000000000e+00,0.000000000000000000e+00,0.000000000000000000e+00
5.060000000000000142e+01,0.000000000000000000e+00,0.000000000000000000e+00,0.000000000000000000e+00,0.000000000000000000e+00
5.070000000000000284e+01,0.000000000000000000e+00,0.000000000000000000e+00,0.000000000000000000e+00,0.000000000000000000e+00
5.079999999999999716e+01,0.000000000000000000e+00,0.000000000000000000e+00,0.000000000000000000e+00,0.000000000000000000e+00
5.089999999999999858e+01,0.000000000000000000e+00,0.000000000000000000e+00,0.000000000000000000e+00,0.000000000000000000e+00
5.100000000000000000e+01,0.000000000000000000e+00,0.000000000000000000e+00,0.000000000000000000e+00,0.000000000000000000e+00
5.110000000000000142e+01,0.000000000000000000e+00,0.000000000000000000e+00,0.000000000000000000e+00,0.000000000000000000e+00
5.120000000000000284e+01,0.000000000000000000e+00,0.000000000000000000e+00,0.000000000000000000e+00,0.000000000000000000e+00
5.129999999999999716e+01,0.000000000000000000e+00,0.000000000000000000e+00,0.000000000000000000e+00,0.000000000000000000e+00
5.139999999999999858e+01,0.000000000000000000e+00,0.000000000000000000e+00,0.000000000000000000e+00,0.000000000000000000e+00
5.150000000000000000e+01,0.000000000000000000e+00,0.000000000000000000e+00,0.000000000000000000e+00,0.000000000000000000e+00
5.160000000000000142e+01,0.000000000000000000e+00,0.000000000000000000e+00,0.000000000000000000e+00,0.000000000000000000e+00
5.170000000000000284e+01,0.000000000000000000e+00,0.000000000000000000e+00,0.000000000000000000e+00,0.000000000000000000e+00
5.179999999999999716e+01,0.000000000000000000e+00,0.000000000000000000e+00,0.000000000000000000e+00,0.000000000000000000e+00
5.189999999999999858e+01,0.000000000000000000e+00,0.000000000000000000e+00,0.000000000000000000e+00,0.000000000000000000e+00
5.200000000000000000e+01,0.000000000000000000e+00,0.000000000000000000e+00,0.000000000000000000e+00,0.000000000000000000e+00
5.210000000000000142e+01,0.000000000000000000e+00,0.000000000000000000e+00,0.000000000000000000e+00,0.000000000000000000e+00
5.220000000000000284e+01,0.000000000000000000e+00,0.000000000000000000e+00,0.000000000000000000e+00,0.000000000000000000e+00
5.229999999999999716e+01,0.000000000000000000e+00,0.000000000000000000e+00,0.000000000000000000e+00,0.000000000000000000e+00
5.239999999999999858e+01,0.000000000000000000e+00,0.000000000000000000e+00,0.000000000000000000e+00,0.000000000000000000e+00
5.250000000000000000e+01,0.000000000000000000e+00,0.000000000000000000e+00,0.000000000000000000e+00,0.000000000000000000e+00
5.260000000000000142e+01,0.000000000000000000e+00,0.000000000000000000e+00,0.000000000000000000e+00,0.000000000000000000e+00
5.270000000000000284e+01,0.000000000000000000e+00,0.000000000000000000e+00,0.000000000000000000e+00,0.000000000000000000e+00
5.279999999999999716e+01,0.000000000000000000e+00,0.000000000000000000e+00,0.000000000000000000e+00,0.000000000000000000e+00
5.289999999999999858e+01,0.000000000000000000e+00,0.000000000000000000e+00,0.000000000000000000e+00,0.000000000000000000e+00
5.300000000000000000e+01,0.000000000000000000e+00,0.000000000000000000e+00,0.000000000000000000e+00,0.000000000000000000e+00
5.310000000000000142e+01,0.000000000000000000e+00,0.000000000000000000e+00,0.000000000000000000e+00,0.000000000000000000e+00
5.320000000000000284e+01,0.000000000000000000e+00,0.000000000000000000e+00,0.000000000000000000e+00,0.000000000000000000e+00
5.329999999999999716e+01,0.000000000000000000e+00,0.000000000000000000e+00,0.000000000000000000e+00,0.000000000000000000e+00
5.339999999999999858e+01,0.000000000000000000e+00,0.000000000000000000e+00,0.000000000000000000e+00,0.000000000000000000e+00
5.350000000000000000e+01,0.000000000000000000e+00,0.000000000000000000e+00,0.000000000000000000e+00,0.000000000000000000e+00
5.360000000000000142e+01,0.000000000000000000e+00,0.000000000000000000e+00,0.000000000000000000e+00,0.000000000000000000e+00
5.370000000000000284e+01,0.000000000000000000e+00,0.000000000000000000e+00,0.000000000000000000e+00,0.000000000000000000e+00
5.379999999999999716e+01,0.000000000000000000e+00,0.000000000000000000e+00,0.000000000000000000e+00,0.000000000000000000e+00
5.389999999999999858e+01,0.000000000000000000e+00,0.000000000000000000e+00,0.000000000000000000e+00,0.000000000000000000e+00
5.400000000000000000e+01,0.000000000000000000e+00,0.000000000000000000e+00,0.000000000000000000e+00,0.000000000000000000e+00
5.410000000000000142e+01,0.000000000000000000e+00,0.000000000000000000e+00,0.000000000000000000e+00,0.000000000000000000e+00
5.420000000000000284e+01,0.000000000000000000e+00,0.000000000000000000e+00,0.000000000000000000e+00,0.000000000000000000e+00
5.429999999999999716e+01,0.000000000000000000e+00,0.000000000000000000e+00,0.000000000000000000e+00,0.000000000000000000e+00
5.439999999999999858e+01,0.000000000000000000e+00,0.000000000000000000e+00,0.000000000000000000e+00,0.000000000000000000e+00
5.450000000000000000e+01,0.000000000000000000e+00,0.000000000000000000e+00,0.000000000000000000e+00,0.000000000000000000e+00
5.460000000000000142e+01,0.000000000000000000e+00,0.000000000000000000e+00,0.000000000000000000e+00,0.000000000000000000e+00
5.470000000000000284e+01,0.000000000000000000e+00,0.000000000000000000e+00,0.000000000000000000e+00,0.000000000000000000e+00
5.479999999999999716e+01,0.000000000000000000e+00,0.000000000000000000e+00,0.000000000000000000e+00,0.000000000000000000e+00
5.489999999999999858e+01,0.000000000000000000e+00,0.000000000000000000e+00,0.000000000000000000e+00,0.000000000000000000e+00
5.500000000000000000e+01,0.000000000000000000e+00,0.000000000000000000e+00,0.000000000000000000e+00,0.000000000000000000e+00
5.510000000000000142e+01,0.000000000000000000e+00,0.000000000000000000e+00,0.000000000000000000e+00,0.000000000000000000e+00
5.520000000000000284e+01,0.000000000000000000e+00,0.000000000000000000e+00,0.000000000000000000e+00,0.000000000000000000e+00
5.529999999999999716e+01,0.000000000000000000e+00,0.000000000000000000e+00,0.000000000000000000e+00,0.000000000000000000e+00
5.539999999999999858e+01,0.000000000000000000e+00,0.000000000000000000e+00,0.000000000000000000e+00,0.000000000000000000e+00
5.550000000000000000e+01,0.000000000000000000e+00,0.000000000000000000e+00,0.000000000000000000e+00,0.000000000000000000e+00
5.560000000000000142e+01,0.000000000000000000e+00,0.000000000000000000e+00,0.000000000000000000e+00,0.000000000000000000e+00
5.570000000000000284e+01,0.000000000000000000e+00,0.000000000000000000e+00,0.000000000000000000e+00,0.000000000000000000e+00
5.579999999999999716e+01,0.000000000000000000e+00,0.000000000000000000e+00,0.000000000000000000e+00,0.000000000000000000e+00
5.589999999999999858e+01,0.000000000000000000e+00,0.000000000000000000e+00,0.000000000000000000e+00,0.000000000000000000e+00
5.600000000000000000e+01,0.000000000000000000e+00,0.000000000000000000e+00,0.000000000000000000e+00,0.000000000000000000e+00
5.610000000000000142e+01,1.312580000000000136e-01,4.612751920000000144e-02,2.641040069999999851e+00,1.325185159999999973e+00
5.620000000000000284e+01,1.427229999999999888e-01,1.889995550000000135e-01,1.070263289999999934e+01,1.719386379999999992e+00
5.629999999999999716e+01,1.684420000000000084e-01,3.049858559999999996e-01,1.696096440000000172e+01,6.139019489999999468e-01
5.639999999999999858e+01,2.006660000000000110e-01,3.284711969999999925e-01,1.818386230000000126e+01,-6.565670539999999590e-03
5.650000000000000000e+01,2.331120000000000136e-01,3.163057180000000135e-01,1.755246079999999864e+01,-2.225262960000000123e-01
5.660000000000000142e+01,2.635419999999999985e-01,2.920275210000000121e-01,1.627925730000000115e+01,-2.411022800000000021e-01
5.670000000000000284e+01,2.915519999999999778e-01,2.681562439999999881e-01,1.501106790000000046e+01,-2.385771369999999947e-01
5.679999999999999716e+01,3.172300000000000120e-01,2.459548239999999886e-01,1.381789880000000004e+01,-2.075613749999999924e-01
5.689999999999999858e+01,3.408109999999999751e-01,2.258871829999999914e-01,1.272875679999999932e+01,-1.931040400000000046e-01
5.700000000000000000e+01,3.624669999999999837e-01,2.075752580000000125e-01,1.172665489999999977e+01,-1.734294520000000117e-01
5.710000000000000142e+01,3.823739999999999917e-01,1.907398280000000002e-01,1.079887360000000029e+01,-1.632791670000000028e-01
5.720000000000000284e+01,4.006529999999999814e-01,1.750629710000000117e-01,9.929746220000000179e+00,-1.497193609999999953e-01
5.729999999999999716e+01,4.174329999999999985e-01,1.607371129999999870e-01,9.131451430000000258e+00,-1.377998820000000124e-01
5.739999999999999858e+01,4.328350000000000253e-01,1.474634720000000121e-01,8.388578660000000298e+00,-1.276924140000000041e-01
5.750000000000000000e+01,4.469589999999999952e-01,1.351945559999999935e-01,7.699395199999999662e+00,-1.176859070000000063e-01
5.760000000000000142e+01,4.599059999999999815e-01,1.238712129999999939e-01,7.061327809999999872e+00,-1.091509670000000015e-01
5.770000000000000284e+01,4.717600000000000127e-01,1.133554950000000006e-01,6.467185749999999622e+00,-1.013312769999999974e-01
5.779999999999999716e+01,4.826010000000000022e-01,1.035784010000000005e-01,5.913517699999999877e+00,-9.421059719999999582e-02
5.789999999999999858e+01,4.924990000000000201e-01,9.449291680000000693e-02,5.398017270000000423e+00,-8.768882560000000603e-02
5.800000000000000000e+01,5.015209999999999946e-01,8.603584420000000288e-02,4.917381520000000172e+00,-8.152701930000000319e-02
5.810000000000000142e+01,5.097260000000000124e-01,7.815226240000000546e-02,4.468711599999999784e+00,-7.614461590000000391e-02
5.820000000000000284e+01,5.171689999999999898e-01,7.080035229999999402e-02,4.049803589999999787e+00,-7.102688059999999470e-02
5.829999999999999716e+01,5.239019999999999788e-01,6.394012409999999536e-02,3.658518920000000119e+00,-6.617768350000000077e-02
5.839999999999999858e+01,5.299719999999999986e-01,5.754481460000000076e-02,3.293442910000000001e+00,-6.177013869999999768e-02
5.850000000000000000e+01,5.354250000000000398e-01,5.158357840000000333e-02,2.952904100000000032e+00,-5.754279639999999862e-02
5.860000000000000142e+01,5.403029999999999777e-01,4.602780229999999667e-02,2.635338819999999860e+00,-5.357272650000000080e-02
5.870000000000000284e+01,5.446440000000000170e-01,4.085993830000000243e-02,2.339800470000000132e+00,-4.982298730000000314e-02
5.879999999999999716e+01,5.484869999999999468e-01,3.606143149999999770e-02,2.065272890000000139e+00,-4.619390749999999907e-02
5.889999999999999858e+01,5.518680000000000252e-01,3.161715920000000152e-02,1.810926519999999984e+00,-4.269153789999999976e-02
5.900000000000000000e+01,5.548220000000000374e-01,2.751662919999999998e-02,1.576188989999999901e+00,-3.932099700000000336e-02
5.910000000000000142e+01,5.573820000000000441e-01,2.375071900000000000e-02,1.360560170000000069e+00,-3.601799210000000001e-02
5.920000000000000284e+01,5.595830000000000526e-01,2.031283960000000027e-02,1.163679939999999968e+00,-3.273295190000000132e-02
5.929999999999999716e+01,5.614559999999999551e-01,1.720457569999999867e-02,9.856523350000000461e-01,-2.942967650000000157e-02
5.939999999999999858e+01,5.630349999999999522e-01,1.442783729999999945e-02,8.265968329999999753e-01,-2.607288840000000080e-02
5.950000000000000000e+01,5.643529999999999935e-01,1.199524159999999957e-02,6.872437590000000096e-01,-2.252290339999999877e-02
5.960000000000000142e+01,5.654460000000000042e-01,9.933060800000000773e-03,5.691037450000000497e-01,-1.861581790000000139e-02
5.970000000000000284e+01,5.663540000000000241e-01,8.289098320000000408e-03,4.749194729999999809e-01,-1.413398689999999930e-02
5.979999999999999716e+01,5.671199999999999575e-01,7.134831430000000349e-03,4.087887920000000119e-01,-8.869972809999999638e-03
5.989999999999999858e+01,5.677980000000000249e-01,6.516739090000000199e-03,3.733763600000000182e-01,-3.344368910000000174e-03
6.000000000000000000e+01,5.684390000000000276e-01,6.304715459999999695e-03,3.612288009999999883e-01,-2.358882579999999930e-03
6.000000000000000000e+01,5.684390000000000276e-01,6.304715459999999695e-03,3.612288009999999883e-01,0.000000000000000000e+00
6.020000000000000284e+01,5.684390000000000276e-01,6.304715459999999695e-03,3.612288009999999883e-01,0.000000000000000000e+00
6.029999999999999716e+01,5.684390000000000276e-01,6.304715459999999695e-03,3.612288009999999883e-01,0.000000000000000000e+00
6.039999999999999858e+01,5.684390000000000276e-01,6.304715459999999695e-03,3.612288009999999883e-01,0.000000000000000000e+00
6.050000000000000000e+01,5.684390000000000276e-01,6.304715459999999695e-03,3.612288009999999883e-01,0.000000000000000000e+00
6.060000000000000142e+01,5.684390000000000276e-01,6.304715459999999695e-03,3.612288009999999883e-01,0.000000000000000000e+00
6.070000000000000284e+01,5.684390000000000276e-01,6.304715459999999695e-03,3.612288009999999883e-01,0.000000000000000000e+00
6.079999999999999716e+01,5.684390000000000276e-01,6.304715459999999695e-03,3.612288009999999883e-01,0.000000000000000000e+00
6.089999999999999858e+01,5.684390000000000276e-01,6.304715459999999695e-03,3.612288009999999883e-01,0.000000000000000000e+00
6.100000000000000000e+01,5.684390000000000276e-01,6.304715459999999695e-03,3.612288009999999883e-01,0.000000000000000000e+00
6.110000000000000142e+01,5.684390000000000276e-01,6.304715459999999695e-03,3.612288009999999883e-01,0.000000000000000000e+00
6.120000000000000284e+01,5.684390000000000276e-01,6.304715459999999695e-03,3.612288009999999883e-01,0.000000000000000000e+00
6.129999999999999716e+01,5.684390000000000276e-01,6.304715459999999695e-03,3.612288009999999883e-01,0.000000000000000000e+00
6.139999999999999858e+01,5.684390000000000276e-01,6.304715459999999695e-03,3.612288009999999883e-01,0.000000000000000000e+00
6.150000000000000000e+01,5.684390000000000276e-01,6.304715459999999695e-03,3.612288009999999883e-01,0.000000000000000000e+00
6.160000000000000142e+01,5.684390000000000276e-01,6.304715459999999695e-03,3.612288009999999883e-01,0.000000000000000000e+00
6.170000000000000284e+01,5.684390000000000276e-01,6.304715459999999695e-03,3.612288009999999883e-01,0.000000000000000000e+00
6.179999999999999716e+01,5.684390000000000276e-01,6.304715459999999695e-03,3.612288009999999883e-01,0.000000000000000000e+00
6.189999999999999858e+01,5.684390000000000276e-01,6.304715459999999695e-03,3.612288009999999883e-01,0.000000000000000000e+00
6.200000000000000000e+01,5.684390000000000276e-01,6.304715459999999695e-03,3.612288009999999883e-01,0.000000000000000000e+00
6.210000000000000142e+01,5.684390000000000276e-01,6.304715459999999695e-03,3.612288009999999883e-01,0.000000000000000000e+00
6.220000000000000284e+01,5.684390000000000276e-01,6.304715459999999695e-03,3.612288009999999883e-01,0.000000000000000000e+00
6.229999999999999716e+01,5.684390000000000276e-01,6.304715459999999695e-03,3.612288009999999883e-01,0.000000000000000000e+00
6.239999999999999858e+01,5.684390000000000276e-01,6.304715459999999695e-03,3.612288009999999883e-01,0.000000000000000000e+00
6.250000000000000000e+01,5.684390000000000276e-01,6.304715459999999695e-03,3.612288009999999883e-01,0.000000000000000000e+00
6.260000000000000142e+01,5.684390000000000276e-01,6.304715459999999695e-03,3.612288009999999883e-01,0.000000000000000000e+00
6.270000000000000284e+01,5.684390000000000276e-01,6.304715459999999695e-03,3.612288009999999883e-01,0.000000000000000000e+00
6.279999999999999716e+01,5.684390000000000276e-01,6.304715459999999695e-03,3.612288009999999883e-01,0.000000000000000000e+00
6.289999999999999858e+01,5.684390000000000276e-01,6.304715459999999695e-03,3.612288009999999883e-01,0.000000000000000000e+00
6.300000000000000000e+01,5.684390000000000276e-01,6.304715459999999695e-03,3.612288009999999883e-01,0.000000000000000000e+00
6.310000000000000142e+01,5.684390000000000276e-01,6.304715459999999695e-03,3.612288009999999883e-01,0.000000000000000000e+00
6.320000000000000284e+01,5.684390000000000276e-01,6.304715459999999695e-03,3.612288009999999883e-01,0.000000000000000000e+00
6.329999999999999716e+01,5.684390000000000276e-01,6.304715459999999695e-03,3.612288009999999883e-01,0.000000000000000000e+00
6.339999999999999858e+01,5.684390000000000276e-01,6.304715459999999695e-03,3.612288009999999883e-01,0.000000000000000000e+00
6.350000000000000000e+01,5.684390000000000276e-01,6.304715459999999695e-03,3.612288009999999883e-01,0.000000000000000000e+00
6.360000000000000142e+01,5.684390000000000276e-01,6.304715459999999695e-03,3.612288009999999883e-01,0.000000000000000000e+00
6.370000000000000284e+01,5.684390000000000276e-01,6.304715459999999695e-03,3.612288009999999883e-01,0.000000000000000000e+00
6.379999999999999716e+01,5.684390000000000276e-01,6.304715459999999695e-03,3.612288009999999883e-01,0.000000000000000000e+00
6.389999999999999858e+01,5.684390000000000276e-01,6.304715459999999695e-03,3.612288009999999883e-01,0.000000000000000000e+00
6.400000000000000000e+01,5.684390000000000276e-01,6.304715459999999695e-03,3.612288009999999883e-01,0.000000000000000000e+00
6.409999999999999432e+01,5.684390000000000276e-01,6.304715459999999695e-03,3.612288009999999883e-01,0.000000000000000000e+00
6.420000000000000284e+01,5.684390000000000276e-01,6.304715459999999695e-03,3.612288009999999883e-01,0.000000000000000000e+00
6.429999999999999716e+01,5.684390000000000276e-01,6.304715459999999695e-03,3.612288009999999883e-01,0.000000000000000000e+00
6.440000000000000568e+01,5.684390000000000276e-01,6.304715459999999695e-03,3.612288009999999883e-01,0.000000000000000000e+00
6.450000000000000000e+01,5.684390000000000276e-01,6.304715459999999695e-03,3.612288009999999883e-01,0.000000000000000000e+00
6.459999999999999432e+01,5.684390000000000276e-01,6.304715459999999695e-03,3.612288009999999883e-01,0.000000000000000000e+00
6.470000000000000284e+01,5.684390000000000276e-01,6.304715459999999695e-03,3.612288009999999883e-01,0.000000000000000000e+00
6.479999999999999716e+01,5.684390000000000276e-01,6.304715459999999695e-03,3.612288009999999883e-01,0.000000000000000000e+00
6.490000000000000568e+01,5.684390000000000276e-01,6.304715459999999695e-03,3.612288009999999883e-01,0.000000000000000000e+00
6.500000000000000000e+01,5.684390000000000276e-01,6.304715459999999695e-03,3.612288009999999883e-01,0.000000000000000000e+00
6.509999999999999432e+01,5.684390000000000276e-01,6.304715459999999695e-03,3.612288009999999883e-01,0.000000000000000000e+00
6.520000000000000284e+01,5.684390000000000276e-01,6.304715459999999695e-03,3.612288009999999883e-01,0.000000000000000000e+00
6.529999999999999716e+01,5.684390000000000276e-01,6.304715459999999695e-03,3.612288009999999883e-01,0.000000000000000000e+00
6.540000000000000568e+01,5.684390000000000276e-01,6.304715459999999695e-03,3.612288009999999883e-01,0.000000000000000000e+00
6.550000000000000000e+01,5.684390000000000276e-01,6.304715459999999695e-03,3.612288009999999883e-01,0.000000000000000000e+00
6.559999999999999432e+01,5.684390000000000276e-01,6.304715459999999695e-03,3.612288009999999883e-01,0.000000000000000000e+00
6.570000000000000284e+01,5.684390000000000276e-01,6.304715459999999695e-03,3.612288009999999883e-01,0.000000000000000000e+00
6.579999999999999716e+01,5.684390000000000276e-01,6.304715459999999695e-03,3.612288009999999883e-01,0.000000000000000000e+00
6.590000000000000568e+01,5.684390000000000276e-01,6.304715459999999695e-03,3.612288009999999883e-01,0.000000000000000000e+00
6.600000000000000000e+01,5.684390000000000276e-01,6.304715459999999695e-03,3.612288009999999883e-01,0.000000000000000000e+00
6.609999999999999432e+01,5.684390000000000276e-01,6.304715459999999695e-03,3.612288009999999883e-01,0.000000000000000000e+00
6.620000000000000284e+01,5.684390000000000276e-01,6.304715459999999695e-03,3.612288009999999883e-01,0.000000000000000000e+00
6.629999999999999716e+01,5.684390000000000276e-01,6.304715459999999695e-03,3.612288009999999883e-01,0.000000000000000000e+00
6.640000000000000568e+01,5.684390000000000276e-01,6.304715459999999695e-03,3.612288009999999883e-01,0.000000000000000000e+00
6.650000000000000000e+01,5.684390000000000276e-01,6.304715459999999695e-03,3.612288009999999883e-01,0.000000000000000000e+00
6.659999999999999432e+01,5.684390000000000276e-01,6.304715459999999695e-03,3.612288009999999883e-01,0.000000000000000000e+00
6.670000000000000284e+01,5.684390000000000276e-01,6.304715459999999695e-03,3.612288009999999883e-01,0.000000000000000000e+00
6.679999999999999716e+01,5.684390000000000276e-01,6.304715459999999695e-03,3.612288009999999883e-01,0.000000000000000000e+00
6.690000000000000568e+01,5.684390000000000276e-01,6.304715459999999695e-03,3.612288009999999883e-01,0.000000000000000000e+00
6.700000000000000000e+01,5.684390000000000276e-01,6.304715459999999695e-03,3.612288009999999883e-01,0.000000000000000000e+00
6.709999999999999432e+01,5.684390000000000276e-01,6.304715459999999695e-03,3.612288009999999883e-01,0.000000000000000000e+00
6.720000000000000284e+01,5.684390000000000276e-01,6.304715459999999695e-03,3.612288009999999883e-01,0.000000000000000000e+00
6.729999999999999716e+01,5.684390000000000276e-01,6.304715459999999695e-03,3.612288009999999883e-01,0.000000000000000000e+00
6.740000000000000568e+01,5.684390000000000276e-01,6.304715459999999695e-03,3.612288009999999883e-01,0.000000000000000000e+00
6.750000000000000000e+01,5.684390000000000276e-01,6.304715459999999695e-03,3.612288009999999883e-01,0.000000000000000000e+00
6.759999999999999432e+01,5.684390000000000276e-01,6.304715459999999695e-03,3.612288009999999883e-01,0.000000000000000000e+00
6.770000000000000284e+01,5.684390000000000276e-01,6.304715459999999695e-03,3.612288009999999883e-01,0.000000000000000000e+00
6.779999999999999716e+01,5.684390000000000276e-01,6.304715459999999695e-03,3.612288009999999883e-01,0.000000000000000000e+00
6.790000000000000568e+01,5.684390000000000276e-01,6.304715459999999695e-03,3.612288009999999883e-01,0.000000000000000000e+00
6.800000000000000000e+01,5.684390000000000276e-01,6.304715459999999695e-03,3.612288009999999883e-01,0.000000000000000000e+00
6.809999999999999432e+01,5.684390000000000276e-01,6.304715459999999695e-03,3.612288009999999883e-01,0.000000000000000000e+00
6.820000000000000284e+01,5.684390000000000276e-01,6.304715459999999695e-03,3.612288009999999883e-01,0.000000000000000000e+00
6.829999999999999716e+01,5.684390000000000276e-01,6.304715459999999695e-03,3.612288009999999883e-01,0.000000000000000000e+00
6.840000000000000568e+01,5.684390000000000276e-01,6.304715459999999695e-03,3.612288009999999883e-01,0.000000000000000000e+00
6.850000000000000000e+01,5.684390000000000276e-01,6.304715459999999695e-03,3.612288009999999883e-01,0.000000000000000000e+00
6.859999999999999432e+01,5.684390000000000276e-01,6.304715459999999695e-03,3.612288009999999883e-01,0.000000000000000000e+00
6.870000000000000284e+01,5.684390000000000276e-01,6.304715459999999695e-03,3.612288009999999883e-01,0.000000000000000000e+00
6.879999999999999716e+01,5.684390000000000276e-01,6.304715459999999695e-03,3.612288009999999883e-01,0.000000000000000000e+00
6.890000000000000568e+01,5.684390000000000276e-01,6.304715459999999695e-03,3.612288009999999883e-01,0.000000000000000000e+00
6.900000000000000000e+01,5.684390000000000276e-01,6.304715459999999695e-03,3.612288009999999883e-01,0.000000000000000000e+00
6.909999999999999432e+01,5.684390000000000276e-01,6.304715459999999695e-03,3.612288009999999883e-01,0.000000000000000000e+00
6.920000000000000284e+01,5.684390000000000276e-01,6.304715459999999695e-03,3.612288009999999883e-01,0.000000000000000000e+00
6.929999999999999716e+01,5.684390000000000276e-01,6.304715459999999695e-03,3.612288009999999883e-01,0.000000000000000000e+00
6.940000000000000568e+01,5.684390000000000276e-01,6.304715459999999695e-03,3.612288009999999883e-01,0.000000000000000000e+00
6.950000000000000000e+01,5.684390000000000276e-01,6.304715459999999695e-03,3.612288009999999883e-01,0.000000000000000000e+00
6.959999999999999432e+01,5.684390000000000276e-01,6.304715459999999695e-03,3.612288009999999883e-01,0.000000000000000000e+00
6.970000000000000284e+01,5.684390000000000276e-01,6.304715459999999695e-03,3.612288009999999883e-01,0.000000000000000000e+00
6.979999999999999716e+01,5.684390000000000276e-01,6.304715459999999695e-03,3.612288009999999883e-01,0.000000000000000000e+00
6.990000000000000568e+01,5.684390000000000276e-01,6.304715459999999695e-03,3.612288009999999883e-01,0.000000000000000000e+00
7.000000000000000000e+01,5.684390000000000276e-01,6.304715459999999695e-03,3.612288009999999883e-01,0.000000000000000000e+00
7.009999999999999432e+01,5.684390000000000276e-01,6.304715459999999695e-03,3.612288009999999883e-01,0.000000000000000000e+00
7.020000000000000284e+01,5.684390000000000276e-01,6.304715459999999695e-03,3.612288009999999883e-01,0.000000000000000000e+00
7.029999999999999716e+01,5.684390000000000276e-01,6.304715459999999695e-03,3.612288009999999883e-01,0.000000000000000000e+00
7.040000000000000568e+01,5.684390000000000276e-01,6.304715459999999695e-03,3.612288009999999883e-01,0.000000000000000000e+00
7.050000000000000000e+01,5.684390000000000276e-01,6.304715459999999695e-03,3.612288009999999883e-01,0.000000000000000000e+00
7.059999999999999432e+01,5.684390000000000276e-01,6.304715459999999695e-03,3.612288009999999883e-01,0.000000000000000000e+00
7.070000000000000284e+01,5.684390000000000276e-01,6.304715459999999695e-03,3.612288009999999883e-01,0.000000000000000000e+00
7.079999999999999716e+01,5.684390000000000276e-01,6.304715459999999695e-03,3.612288009999999883e-01,0.000000000000000000e+00
7.090000000000000568e+01,5.684390000000000276e-01,6.304715459999999695e-03,3.612288009999999883e-01,0.000000000000000000e+00
7.100000000000000000e+01,5.684390000000000276e-01,6.304715459999999695e-03,3.612288009999999883e-01,0.000000000000000000e+00
7.109999999999999432e+01,5.684390000000000276e-01,6.304715459999999695e-03,3.612288009999999883e-01,0.000000000000000000e+00
7.120000000000000284e+01,5.684390000000000276e-01,6.304715459999999695e-03,3.612288009999999883e-01,0.000000000000000000e+00
7.129999999999999716e+01,5.684390000000000276e-01,6.304715459999999695e-03,3.612288009999999883e-01,0.000000000000000000e+00
7.140000000000000568e+01,5.684390000000000276e-01,6.304715459999999695e-03,3.612288009999999883e-01,0.000000000000000000e+00
7.150000000000000000e+01,5.684390000000000276e-01,6.304715459999999695e-03,3.612288009999999883e-01,0.000000000000000000e+00
7.159999999999999432e+01,5.684390000000000276e-01,6.304715459999999695e-03,3.612288009999999883e-01,0.000000000000000000e+00
7.170000000000000284e+01,5.684390000000000276e-01,6.304715459999999695e-03,3.612288009999999883e-01,0.000000000000000000e+00
7.179999999999999716e+01,5.684390000000000276e-01,6.304715459999999695e-03,3.612288009999999883e-01,0.000000000000000000e+00
7.190000000000000568e+01,5.684390000000000276e-01,6.304715459999999695e-03,3.612288009999999883e-01,0.000000000000000000e+00
7.200000000000000000e+01,5.684390000000000276e-01,6.304715459999999695e-03,3.612288009999999883e-01,0.000000000000000000e+00
7.209999999999999432e+01,5.684390000000000276e-01,6.304715459999999695e-03,3.612288009999999883e-01,0.000000000000000000e+00
7.220000000000000284e+01,5.684390000000000276e-01,6.304715459999999695e-03,3.612288009999999883e-01,0.000000000000000000e+00
7.229999999999999716e+01,5.684390000000000276e-01,6.304715459999999695e-03,3.612288009999999883e-01,0.000000000000000000e+00
7.240000000000000568e+01,5.684390000000000276e-01,6.304715459999999695e-03,3.612288009999999883e-01,0.000000000000000000e+00
7.250000000000000000e+01,5.684390000000000276e-01,6.304715459999999695e-03,3.612288009999999883e-01,0.000000000000000000e+00
7.259999999999999432e+01,5.684390000000000276e-01,6.304715459999999695e-03,3.612288009999999883e-01,0.000000000000000000e+00
7.270000000000000284e+01,5.684390000000000276e-01,6.304715459999999695e-03,3.612288009999999883e-01,0.000000000000000000e+00
7.279999999999999716e+01,5.684390000000000276e-01,6.304715459999999695e-03,3.612288009999999883e-01,0.000000000000000000e+00
7.290000000000000568e+01,5.684390000000000276e-01,6.304715459999999695e-03,3.612288009999999883e-01,0.000000000000000000e+00
7.300000000000000000e+01,5.684390000000000276e-01,6.304715459999999695e-03,3.612288009999999883e-01,0.000000000000000000e+00
7.309999999999999432e+01,5.684390000000000276e-01,6.304715459999999695e-03,3.612288009999999883e-01,0.000000000000000000e+00
7.320000000000000284e+01,5.684390000000000276e-01,6.304715459999999695e-03,3.612288009999999883e-01,0.000000000000000000e+00
7.329999999999999716e+01,5.684390000000000276e-01,6.304715459999999695e-03,3.612288009999999883e-01,0.000000000000000000e+00
7.340000000000000568e+01,5.684390000000000276e-01,6.304715459999999695e-03,3.612288009999999883e-01,0.000000000000000000e+00
7.350000000000000000e+01,5.684390000000000276e-01,6.304715459999999695e-03,3.612288009999999883e-01,0.000000000000000000e+00
7.359999999999999432e+01,5.684390000000000276e-01,6.304715459999999695e-03,3.612288009999999883e-01,0.000000000000000000e+00
7.370000000000000284e+01,5.684390000000000276e-01,6.304715459999999695e-03,3.612288009999999883e-01,0.000000000000000000e+00
7.379999999999999716e+01,5.684390000000000276e-01,6.304715459999999695e-03,3.612288009999999883e-01,0.000000000000000000e+00
7.390000000000000568e+01,5.684390000000000276e-01,6.304715459999999695e-03,3.612288009999999883e-01,0.000000000000000000e+00
7.400000000000000000e+01,5.684390000000000276e-01,6.304715459999999695e-03,3.612288009999999883e-01,0.000000000000000000e+00
7.409999999999999432e+01,5.684390000000000276e-01,6.304715459999999695e-03,3.612288009999999883e-01,0.000000000000000000e+00
7.420000000000000284e+01,5.684390000000000276e-01,6.304715459999999695e-03,3.612288009999999883e-01,0.000000000000000000e+00
7.429999999999999716e+01,5.684390000000000276e-01,6.304715459999999695e-03,3.612288009999999883e-01,0.000000000000000000e+00
7.440000000000000568e+01,5.684390000000000276e-01,6.304715459999999695e-03,3.612288009999999883e-01,0.000000000000000000e+00
7.450000000000000000e+01,5.684390000000000276e-01,6.304715459999999695e-03,3.612288009999999883e-01,0.000000000000000000e+00
7.459999999999999432e+01,5.684390000000000276e-01,6.304715459999999695e-03,3.612288009999999883e-01,0.000000000000000000e+00
7.470000000000000284e+01,5.684390000000000276e-01,6.304715459999999695e-03,3.612288009999999883e-01,0.000000000000000000e+00
7.479999999999999716e+01,5.684390000000000276e-01,6.304715459999999695e-03,3.612288009999999883e-01,0.000000000000000000e+00
7.490000000000000568e+01,5.684390000000000276e-01,6.304715459999999695e-03,3.612288009999999883e-01,0.000000000000000000e+00
7.500000000000000000e+01,5.684390000000000276e-01,6.304715459999999695e-03,3.612288009999999883e-01,0.000000000000000000e+00
7.509999999999999432e+01,5.684390000000000276e-01,6.304715459999999695e-03,3.612288009999999883e-01,0.000000000000000000e+00
7.520000000000000284e+01,5.684390000000000276e-01,6.304715459999999695e-03,3.612288009999999883e-01,0.000000000000000000e+00
7.529999999999999716e+01,5.684390000000000276e-01,6.304715459999999695e-03,3.612288009999999883e-01,0.000000000000000000e+00
7.540000000000000568e+01,5.684390000000000276e-01,6.304715459999999695e-03,3.612288009999999883e-01,0.000000000000000000e+00
7.550000000000000000e+01,5.684390000000000276e-01,6.304715459999999695e-03,3.612288009999999883e-01,0.000000000000000000e+00
7.559999999999999432e+01,5.684390000000000276e-01,6.304715459999999695e-03,3.612288009999999883e-01,0.000000000000000000e+00
7.570000000000000284e+01,5.684390000000000276e-01,6.304715459999999695e-03,3.612288009999999883e-01,0.000000000000000000e+00
7.579999999999999716e+01,5.684390000000000276e-01,6.304715459999999695e-03,3.612288009999999883e-01,0.000000000000000000e+00
7.590000000000000568e+01,5.684390000000000276e-01,6.304715459999999695e-03,3.612288009999999883e-01,0.000000000000000000e+00
7.600000000000000000e+01,5.684390000000000276e-01,6.304715459999999695e-03,3.612288009999999883e-01,0.000000000000000000e+00
7.609999999999999432e+01,5.684390000000000276e-01,6.304715459999999695e-03,3.612288009999999883e-01,0.000000000000000000e+00
7.620000000000000284e+01,5.684390000000000276e-01,6.304715459999999695e-03,3.612288009999999883e-01,0.000000000000000000e+00
7.629999999999999716e+01,5.684390000000000276e-01,6.304715459999999695e-03,3.612288009999999883e-01,0.000000000000000000e+00
7.640000000000000568e+01,5.684390000000000276e-01,6.304715459999999695e-03,3.612288009999999883e-01,0.000000000000000000e+00
7.650000000000000000e+01,5.684390000000000276e-01,6.304715459999999695e-03,3.612288009999999883e-01,0.000000000000000000e+00
7.659999999999999432e+01,5.684390000000000276e-01,6.304715459999999695e-03,3.612288009999999883e-01,0.000000000000000000e+00
7.670000000000000284e+01,5.684390000000000276e-01,6.304715459999999695e-03,3.612288009999999883e-01,0.000000000000000000e+00
7.679999999999999716e+01,5.684390000000000276e-01,6.304715459999999695e-03,3.612288009999999883e-01,0.000000000000000000e+00
7.690000000000000568e+01,5.684390000000000276e-01,6.304715459999999695e-03,3.612288009999999883e-01,0.000000000000000000e+00
7.700000000000000000e+01,5.684390000000000276e-01,6.304715459999999695e-03,3.612288009999999883e-01,0.000000000000000000e+00
7.709999999999999432e+01,5.684390000000000276e-01,6.304715459999999695e-03,3.612288009999999883e-01,0.000000000000000000e+00
7.720000000000000284e+01,5.684390000000000276e-01,6.304715459999999695e-03,3.612288009999999883e-01,0.000000000000000000e+00
7.729999999999999716e+01,5.684390000000000276e-01,6.304715459999999695e-03,3.612288009999999883e-01,0.000000000000000000e+00
7.740000000000000568e+01,5.684390000000000276e-01,6.304715459999999695e-03,3.612288009999999883e-01,0.000000000000000000e+00
7.750000000000000000e+01,5.684390000000000276e-01,6.304715459999999695e-03,3.612288009999999883e-01,0.000000000000000000e+00
7.759999999999999432e+01,5.684390000000000276e-01,6.304715459999999695e-03,3.612288009999999883e-01,0.000000000000000000e+00
7.770000000000000284e+01,5.684390000000000276e-01,6.304715459999999695e-03,3.612288009999999883e-01,0.000000000000000000e+00
7.779999999999999716e+01,5.684390000000000276e-01,6.304715459999999695e-03,3.612288009999999883e-01,0.000000000000000000e+00
7.790000000000000568e+01,5.684390000000000276e-01,6.304715459999999695e-03,3.612288009999999883e-01,0.000000000000000000e+00
7.800000000000000000e+01,5.684390000000000276e-01,6.304715459999999695e-03,3.612288009999999883e-01,0.000000000000000000e+00
7.809999999999999432e+01,5.684390000000000276e-01,6.304715459999999695e-03,3.612288009999999883e-01,0.000000000000000000e+00
7.820000000000000284e+01,5.684390000000000276e-01,6.304715459999999695e-03,3.612288009999999883e-01,0.000000000000000000e+00
7.829999999999999716e+01,5.684390000000000276e-01,6.304715459999999695e-03,3.612288009999999883e-01,0.000000000000000000e+00
7.840000000000000568e+01,5.684390000000000276e-01,6.304715459999999695e-03,3.612288009999999883e-01,0.000000000000000000e+00
7.850000000000000000e+01,5.684390000000000276e-01,6.304715459999999695e-03,3.612288009999999883e-01,0.000000000000000000e+00
7.859999999999999432e+01,5.684390000000000276e-01,6.304715459999999695e-03,3.612288009999999883e-01,0.000000000000000000e+00
7.870000000000000284e+01,5.684390000000000276e-01,6.304715459999999695e-03,3.612288009999999883e-01,0.000000000000000000e+00
7.879999999999999716e+01,5.684390000000000276e-01,6.304715459999999695e-03,3.612288009999999883e-01,0.000000000000000000e+00
7.890000000000000568e+01,5.684390000000000276e-01,6.304715459999999695e-03,3.612288009999999883e-01,0.000000000000000000e+00
7.900000000000000000e+01,5.684390000000000276e-01,6.304715459999999695e-03,3.612288009999999883e-01,0.000000000000000000e+00
7.909999999999999432e+01,5.684390000000000276e-01,6.304715459999999695e-03,3.612288009999999883e-01,0.000000000000000000e+00
7.920000000000000284e+01,5.684390000000000276e-01,6.304715459999999695e-03,3.612288009999999883e-01,0.000000000000000000e+00
7.929999999999999716e+01,5.684390000000000276e-01,6.304715459999999695e-03,3.612288009999999883e-01,0.000000000000000000e+00
7.940000000000000568e+01,5.684390000000000276e-01,6.304715459999999695e-03,3.612288009999999883e-01,0.000000000000000000e+00
7.950000000000000000e+01,5.684390000000000276e-01,6.304715459999999695e-03,3.612288009999999883e-01,0.000000000000000000e+00
7.959999999999999432e+01,5.684390000000000276e-01,6.304715459999999695e-03,3.612288009999999883e-01,0.000000000000000000e+00
7.970000000000000284e+01,5.684390000000000276e-01,6.304715459999999695e-03,3.612288009999999883e-01,0.000000000000000000e+00
7.979999999999999716e+01,5.684390000000000276e-01,6.304715459999999695e-03,3.612288009999999883e-01,0.000000000000000000e+00
7.990000000000000568e+01,5.684390000000000276e-01,6.304715459999999695e-03,3.612288009999999883e-01,0.000000000000000000e+00
8.000000000000000000e+01,5.684390000000000276e-01,6.304715459999999695e-03,3.612288009999999883e-01,0.000000000000000000e+00
