# Source File: search_stream60\DM60_FM_0_BM_0_ETAD60.txt
# 7.7424338
5.225756599999999708e+01,1.304379999999999984e-01,0.000000000000000000e+00,0.000000000000000000e+00,1.295302149999999930e+00
5.010000000000000142e+01,0.000000000000000000e+00,0.000000000000000000e+00,0.000000000000000000e+00,0.000000000000000000e+00
5.020000000000000284e+01,0.000000000000000000e+00,0.000000000000000000e+00,0.000000000000000000e+00,0.000000000000000000e+00
5.029999999999999716e+01,0.000000000000000000e+00,0.000000000000000000e+00,0.000000000000000000e+00,0.000000000000000000e+00
5.039999999999999858e+01,0.000000000000000000e+00,0.000000000000000000e+00,0.000000000000000000e+00,0.000000000000000000e+00
5.050000000000000000e+01,0.000000000000000000e+00,0.000000000000000000e+00,0.000000000000000000e+00,0.000000000000000000e+00
5.060000000000000142e+01,0.000000000000000000e+00,0.000000000000000000e+00,0.000000000000000000e+00,0.000000000000000000e+00
5.070000000000000284e+01,0.000000000000000000e+00,0.000000000000000000e+00,0.000000000000000000e+00,0.000000000000000000e+00
5.079999999999999716e+01,0.000000000000000000e+00,0.000000000000000000e+00,0.000000000000000000e+00,0.000000000000000000e+00
5.089999999999999858e+01,0.000000000000000000e+00,0.000000000000000000e+00,0.000000000000000000e+00,0.000000000000000000e+00
5.100000000000000000e+01,0.000000000000000000e+00,0.000000000000000000e+00,0.000000000000000000e+00,0.000000000000000000e+00
5.110000000000000142e+01,0.000000000000000000e+00,0.000000000000000000e+00,0.000000000000000000e+00,0.000000000000000000e+00
5.120000000000000284e+01,0.000000000000000000e+00,0.000000000000000000e+00,0.000000000000000000e+00,0.000000000000000000e+00
5.129999999999999716e+01,0.000000000000000000e+00,0.000000000000000000e+00,0.000000000000000000e+00,0.000000000000000000e+00
5.139999999999999858e+01,0.000000000000000000e+00,0.000000000000000000e+00,0.000000000000000000e+00,0.000000000000000000e+00
5.150000000000000000e+01,0.000000000000000000e+00,0.000000000000000000e+00,0.000000000000000000e+00,0.000000000000000000e+00
5.160000000000000142e+01,0.000000000000000000e+00,0.000000000000000000e+00,0.000000000000000000e+00,0.000000000000000000e+00
5.170000000000000284e+01,0.000000000000000000e+00,0.000000000000000000e+00,0.000000000000000000e+00,0.000000000000000000e+00
5.179999999999999716e+01,0.000000000000000000e+00,0.000000000000000000e+00,0.000000000000000000e+00,0.000000000000000000e+00
5.189999999999999858e+01,0.000000000000000000e+00,0.000000000000000000e+00,0.000000000000000000e+00,0.000000000000000000e+00
5.200000000000000000e+01,0.000000000000000000e+00,0.000000000000000000e+00,0.000000000000000000e+00,0.000000000000000000e+00
5.210000000000000142e+01,0.000000000000000000e+00,0.000000000000000000e+00,0.000000000000000000e+00,0.000000000000000000e+00
5.220000000000000284e+01,0.000000000000000000e+00,0.000000000000000000e+00,0.000000000000000000e+00,0.000000000000000000e+00
5.229999999999999716e+01,1.316110000000000058e-01,5.572608279999999997e-02,3.189570450000000168e+00,1.277205310000000038e+00
5.239999999999999858e+01,1.448210000000000053e-01,2.357398659999999924e-01,1.326471719999999976e+01,2.993768999999999902e+00
5.250000000000000000e+01,1.786969999999999947e-01,4.034638190000000013e-01,2.197229300000000052e+01,8.718159309999999884e-01
5.260000000000000142e+01,2.213400000000000090e-01,4.321973279999999917e-01,2.337387169999999870e+01,-1.195857419999999949e-01
5.270000000000000284e+01,2.638969999999999927e-01,4.171353449999999907e-01,2.264274209999999954e+01,-2.357666439999999974e-01
5.279999999999999716e+01,3.041429999999999967e-01,3.871218350000000252e-01,2.116250859999999889e+01,-2.926529600000000175e-01
5.289999999999999858e+01,3.414800000000000058e-01,3.602878680000000111e-01,1.981347630000000137e+01,-2.499638499999999874e-01
5.300000000000000000e+01,3.763179999999999858e-01,3.371371049999999925e-01,1.863087050000000033e+01,-2.101909210000000028e-01
5.310000000000000142e+01,4.090550000000000019e-01,3.182814900000000002e-01,1.765530989999999889e+01,-1.735795310000000091e-01
5.320000000000000284e+01,4.400259999999999727e-01,3.012380219999999942e-01,1.676429860000000005e+01,-1.672898240000000036e-01
5.329999999999999716e+01,4.693300000000000249e-01,2.851005480000000092e-01,1.591287999999999947e+01,-1.530288190000000104e-01
5.339999999999999858e+01,4.971039999999999903e-01,2.706855850000000063e-01,1.514618089999999917e+01,-1.352704409999999913e-01
5.350000000000000000e+01,5.235119999999999774e-01,2.575893309999999770e-01,1.444476500000000030e+01,-1.272680340000000021e-01
5.360000000000000142e+01,5.486469999999999958e-01,2.452299199999999901e-01,1.377872750000000046e+01,-1.199201710000000060e-01
5.370000000000000284e+01,5.725820000000000354e-01,2.336026670000000138e-01,1.314865630000000074e+01,-1.126290669999999994e-01
5.379999999999999716e+01,5.953920000000000323e-01,2.227040909999999929e-01,1.255511480000000013e+01,-1.053424550000000015e-01
5.389999999999999858e+01,6.171470000000000011e-01,2.125113439999999909e-01,1.199752119999999955e+01,-9.875973389999999352e-02
5.400000000000000000e+01,6.379150000000000098e-01,2.029454499999999995e-01,1.147211120000000051e+01,-9.255815350000000385e-02
5.410000000000000142e+01,6.577570000000000361e-01,1.939990060000000016e-01,1.097894679999999923e+01,-8.650376160000000647e-02
5.420000000000000284e+01,6.767320000000000002e-01,1.855821699999999908e-01,1.051346679999999978e+01,-8.183295729999999490e-02
5.429999999999999716e+01,6.948889999999999789e-01,1.776324139999999885e-01,1.007252420000000015e+01,-7.716215290000000282e-02
5.439999999999999858e+01,7.122739999999999627e-01,1.701455109999999993e-01,9.656148119999999224e+00,-7.280328340000000176e-02
5.450000000000000000e+01,7.289299999999999669e-01,1.630411880000000036e-01,9.260093720000000417e+00,-6.928317220000000665e-02
5.460000000000000142e+01,7.448939999999999451e-01,1.562888769999999927e-01,8.882833520000000149e+00,-6.576306110000000593e-02
5.470000000000000284e+01,7.601999999999999869e-01,1.498873709999999915e-01,8.524454320000000251e+00,-6.237133570000000238e-02
5.479999999999999716e+01,7.748810000000000420e-01,1.437920570000000009e-01,8.182590779999999953e+00,-5.953493409999999902e-02
5.489999999999999858e+01,7.889680000000000026e-01,1.379803840000000115e-01,7.856088009999999677e+00,-5.669853250000000261e-02
5.500000000000000000e+01,8.024869999999999504e-01,1.324523509999999960e-01,7.545042760000000293e+00,-5.386213089999999926e-02
5.510000000000000142e+01,8.154670000000000529e-01,1.271818200000000010e-01,7.248068990000000156e+00,-5.162493919999999736e-02
5.520000000000000284e+01,8.279309999999999725e-01,1.221268040000000055e-01,6.962870070000000133e+00,-4.947539399999999893e-02
5.529999999999999716e+01,8.398989999999999512e-01,1.172867419999999994e-01,6.689473129999999657e+00,-4.732584880000000049e-02
5.539999999999999858e+01,8.513950000000000129e-01,1.126585969999999992e-01,6.427759919999999738e+00,-4.534238239999999892e-02
5.550000000000000000e+01,8.624370000000000092e-01,1.082091329999999990e-01,6.175896439999999821e+00,-4.364689819999999915e-02
5.560000000000000142e+01,8.730419999999999847e-01,1.039292170000000043e-01,5.933403900000000064e+00,-4.195141399999999937e-02
5.570000000000000284e+01,8.832280000000000131e-01,9.981884979999999796e-02,5.700316570000000027e+00,-4.025592979999999960e-02
5.579999999999999716e+01,8.930120000000000280e-01,9.587070020000000581e-02,5.476249669999999625e+00,-3.876419109999999779e-02
5.589999999999999858e+01,9.024069999999999592e-01,9.206489860000000025e-02,5.260102129999999931e+00,-3.735184119999999941e-02
5.600000000000000000e+01,9.114290000000000447e-01,8.840033190000000374e-02,5.051833850000000403e+00,-3.593949140000000236e-02
5.610000000000000142e+01,9.200920000000000210e-01,8.487700030000000506e-02,4.851466030000000096e+00,-3.452714149999999704e-02
5.620000000000000284e+01,9.284090000000000398e-01,8.147978749999999770e-02,4.658157690000000350e+00,-3.341867519999999758e-02
5.629999999999999716e+01,9.363920000000000021e-01,7.819326490000000351e-02,4.471046600000000204e+00,-3.231177710000000119e-02
5.639999999999999858e+01,9.440509999999999735e-01,7.501743199999999501e-02,4.290146520000000407e+00,-3.120487900000000134e-02
5.650000000000000000e+01,9.513989999999999947e-01,7.195181489999999402e-02,4.115443130000000060e+00,-3.013464910000000080e-02
5.660000000000000142e+01,9.584449999999999914e-01,6.898660600000000587e-02,3.946388810000000191e+00,-2.916952789999999879e-02
5.670000000000000284e+01,9.651990000000000292e-01,6.611790929999999955e-02,3.782771340000000038e+00,-2.820440670000000025e-02
5.679999999999999716e+01,9.716719999999999802e-01,6.334572469999999456e-02,3.624599729999999909e+00,-2.723928550000000171e-02
5.689999999999999858e+01,9.778719999999999635e-01,6.066735959999999817e-02,3.471728559999999852e+00,-2.636737280000000030e-02
5.700000000000000000e+01,9.838080000000000158e-01,5.807081210000000077e-02,3.323479959999999789e+00,-2.556357659999999865e-02
5.710000000000000142e+01,9.894889999999999519e-01,5.555464420000000292e-02,3.179778069999999790e+00,-2.475978040000000047e-02
5.720000000000000284e+01,9.949219999999999731e-01,5.311885489999999821e-02,3.040628519999999835e+00,-2.395742869999999830e-02
5.729999999999999716e+01,1.000115000000000087e+00,5.075868380000000263e-02,2.905764560000000163e+00,-2.324599210000000138e-02
5.739999999999999858e+01,1.005076000000000080e+00,4.846965649999999959e-02,2.774935049999999848e+00,-2.253455550000000099e-02
5.750000000000000000e+01,1.009811000000000014e+00,4.625177269999999896e-02,2.648144119999999990e+00,-2.182311890000000060e-02
5.760000000000000142e+01,1.014327999999999896e+00,4.410320720000000111e-02,2.525291170000000029e+00,-2.116989570000000001e-02
5.770000000000000284e+01,1.018634000000000039e+00,4.201714849999999696e-02,2.405990070000000092e+00,-2.055127710000000107e-02
5.779999999999999716e+01,1.022734000000000032e+00,3.999295170000000121e-02,2.290206850000000127e+00,-1.993265860000000000e-02
5.789999999999999858e+01,1.026634999999999964e+00,3.803004380000000323e-02,2.177911449999999860e+00,-1.933918860000000128e-02
5.800000000000000000e+01,1.030342000000000091e+00,3.612429639999999859e-02,2.068870099999999823e+00,-1.877575949999999924e-02
5.810000000000000142e+01,1.033860999999999919e+00,3.427489189999999991e-02,1.963038190000000016e+00,-1.821233040000000067e-02
5.820000000000000284e+01,1.037198999999999982e+00,3.248091420000000229e-02,1.860365250000000081e+00,-1.768338709999999966e-02
5.829999999999999716e+01,1.040359000000000034e+00,3.073750160000000148e-02,1.760574789999999945e+00,-1.718486560000000163e-02
5.839999999999999858e+01,1.043347999999999942e+00,2.904394110000000154e-02,1.663627570000000055e+00,-1.668634410000000012e-02
5.850000000000000000e+01,1.046170000000000044e+00,2.739840080000000011e-02,1.569420110000000035e+00,-1.622990579999999960e-02
5.860000000000000142e+01,1.048829000000000011e+00,2.579791949999999875e-02,1.477784130000000085e+00,-1.577972160000000110e-02
5.870000000000000284e+01,1.051331000000000016e+00,2.424143510000000001e-02,1.388659950000000087e+00,-1.537228109999999939e-02
5.879999999999999716e+01,1.053677999999999892e+00,2.272224449999999882e-02,1.301664729999999937e+00,-1.501152939999999929e-02
5.889999999999999858e+01,1.055876000000000037e+00,2.123881019999999953e-02,1.216711260000000072e+00,-1.466918099999999989e-02
5.900000000000000000e+01,1.057927000000000062e+00,1.978727530000000054e-02,1.133579429999999943e+00,-1.436151639999999965e-02
5.910000000000000142e+01,1.059835000000000083e+00,1.836525179999999938e-02,1.052133140000000022e+00,-1.410822240000000026e-02
5.920000000000000284e+01,1.061601000000000017e+00,1.696392450000000149e-02,9.718680589999999508e-01,-1.391832389999999968e-02
5.929999999999999716e+01,1.063228000000000062e+00,1.557979450000000071e-02,8.925842569999999920e-01,-1.377315320000000072e-02
5.939999999999999858e+01,1.064716999999999913e+00,1.421012060000000077e-02,8.141251440000000228e-01,-1.358400069999999953e-02
5.950000000000000000e+01,1.066070999999999991e+00,1.286657249999999947e-02,7.371596259999999567e-01,-1.326483770000000048e-02
5.960000000000000142e+01,1.067293000000000047e+00,1.157870809999999966e-02,6.633814620000000328e-01,-1.249245099999999990e-02
5.970000000000000284e+01,1.068391000000000091e+00,1.041239340000000083e-02,5.965646399999999794e-01,-1.073093020000000057e-02
5.979999999999999716e+01,1.069382999999999972e+00,9.482778949999999540e-03,5.433069270000000506e-01,-7.684441030000000068e-03
5.989999999999999858e+01,1.070300999999999947e+00,8.967331070000000848e-03,5.137764529999999663e-01,-2.362448269999999854e-03
6.000000000000000000e+01,1.071185000000000054e+00,8.698713409999999507e-03,4.983869949999999993e-01,-3.448868449999999836e-03
6.000000000000000000e+01,1.071185000000000054e+00,8.698713409999999507e-03,4.983869949999999993e-01,0.000000000000000000e+00
6.020000000000000284e+01,1.071185000000000054e+00,8.698713409999999507e-03,4.983869949999999993e-01,0.000000000000000000e+00
6.029999999999999716e+01,1.071185000000000054e+00,8.698713409999999507e-03,4.983869949999999993e-01,0.000000000000000000e+00
6.039999999999999858e+01,1.071185000000000054e+00,8.698713409999999507e-03,4.983869949999999993e-01,0.000000000000000000e+00
6.050000000000000000e+01,1.071185000000000054e+00,8.698713409999999507e-03,4.983869949999999993e-01,0.000000000000000000e+00
6.060000000000000142e+01,1.071185000000000054e+00,8.698713409999999507e-03,4.983869949999999993e-01,0.000000000000000000e+00
6.070000000000000284e+01,1.071185000000000054e+00,8.698713409999999507e-03,4.983869949999999993e-01,0.000000000000000000e+00
6.079999999999999716e+01,1.071185000000000054e+00,8.698713409999999507e-03,4.983869949999999993e-01,0.000000000000000000e+00
6.089999999999999858e+01,1.071185000000000054e+00,8.698713409999999507e-03,4.983869949999999993e-01,0.000000000000000000e+00
6.100000000000000000e+01,1.071185000000000054e+00,8.698713409999999507e-03,4.983869949999999993e-01,0.000000000000000000e+00
6.110000000000000142e+01,1.071185000000000054e+00,8.698713409999999507e-03,4.983869949999999993e-01,0.000000000000000000e+00
6.120000000000000284e+01,1.071185000000000054e+00,8.698713409999999507e-03,4.983869949999999993e-01,0.000000000000000000e+00
6.129999999999999716e+01,1.071185000000000054e+00,8.698713409999999507e-03,4.983869949999999993e-01,0.000000000000000000e+00
6.139999999999999858e+01,1.071185000000000054e+00,8.698713409999999507e-03,4.983869949999999993e-01,0.000000000000000000e+00
6.150000000000000000e+01,1.071185000000000054e+00,8.698713409999999507e-03,4.983869949999999993e-01,0.000000000000000000e+00
6.160000000000000142e+01,1.071185000000000054e+00,8.698713409999999507e-03,4.983869949999999993e-01,0.000000000000000000e+00
6.170000000000000284e+01,1.071185000000000054e+00,8.698713409999999507e-03,4.983869949999999993e-01,0.000000000000000000e+00
6.179999999999999716e+01,1.071185000000000054e+00,8.698713409999999507e-03,4.983869949999999993e-01,0.000000000000000000e+00
6.189999999999999858e+01,1.071185000000000054e+00,8.698713409999999507e-03,4.983869949999999993e-01,0.000000000000000000e+00
6.200000000000000000e+01,1.071185000000000054e+00,8.698713409999999507e-03,4.983869949999999993e-01,0.000000000000000000e+00
6.210000000000000142e+01,1.071185000000000054e+00,8.698713409999999507e-03,4.983869949999999993e-01,0.000000000000000000e+00
6.220000000000000284e+01,1.071185000000000054e+00,8.698713409999999507e-03,4.983869949999999993e-01,0.000000000000000000e+00
6.229999999999999716e+01,1.071185000000000054e+00,8.698713409999999507e-03,4.983869949999999993e-01,0.000000000000000000e+00
6.239999999999999858e+01,1.071185000000000054e+00,8.698713409999999507e-03,4.983869949999999993e-01,0.000000000000000000e+00
6.250000000000000000e+01,1.071185000000000054e+00,8.698713409999999507e-03,4.983869949999999993e-01,0.000000000000000000e+00
6.260000000000000142e+01,1.071185000000000054e+00,8.698713409999999507e-03,4.983869949999999993e-01,0.000000000000000000e+00
6.270000000000000284e+01,1.071185000000000054e+00,8.698713409999999507e-03,4.983869949999999993e-01,0.000000000000000000e+00
6.279999999999999716e+01,1.071185000000000054e+00,8.698713409999999507e-03,4.983869949999999993e-01,0.000000000000000000e+00
6.289999999999999858e+01,1.071185000000000054e+00,8.698713409999999507e-03,4.983869949999999993e-01,0.000000000000000000e+00
6.300000000000000000e+01,1.071185000000000054e+00,8.698713409999999507e-03,4.983869949999999993e-01,0.000000000000000000e+00
6.310000000000000142e+01,1.071185000000000054e+00,8.698713409999999507e-03,4.983869949999999993e-01,0.000000000000000000e+00
6.320000000000000284e+01,1.071185000000000054e+00,8.698713409999999507e-03,4.983869949999999993e-01,0.000000000000000000e+00
6.329999999999999716e+01,1.071185000000000054e+00,8.698713409999999507e-03,4.983869949999999993e-01,0.000000000000000000e+00
6.339999999999999858e+01,1.071185000000000054e+00,8.698713409999999507e-03,4.983869949999999993e-01,0.000000000000000000e+00
6.350000000000000000e+01,1.071185000000000054e+00,8.698713409999999507e-03,4.983869949999999993e-01,0.000000000000000000e+00
6.360000000000000142e+01,1.071185000000000054e+00,8.698713409999999507e-03,4.983869949999999993e-01,0.000000000000000000e+00
6.370000000000000284e+01,1.071185000000000054e+00,8.698713409999999507e-03,4.983869949999999993e-01,0.000000000000000000e+00
6.379999999999999716e+01,1.071185000000000054e+00,8.698713409999999507e-03,4.983869949999999993e-01,0.000000000000000000e+00
6.389999999999999858e+01,1.071185000000000054e+00,8.698713409999999507e-03,4.983869949999999993e-01,0.000000000000000000e+00
6.400000000000000000e+01,1.071185000000000054e+00,8.698713409999999507e-03,4.983869949999999993e-01,0.000000000000000000e+00
6.409999999999999432e+01,1.071185000000000054e+00,8.698713409999999507e-03,4.983869949999999993e-01,0.000000000000000000e+00
6.420000000000000284e+01,1.071185000000000054e+00,8.698713409999999507e-03,4.983869949999999993e-01,0.000000000000000000e+00
6.429999999999999716e+01,1.071185000000000054e+00,8.698713409999999507e-03,4.983869949999999993e-01,0.000000000000000000e+00
6.440000000000000568e+01,1.071185000000000054e+00,8.698713409999999507e-03,4.983869949999999993e-01,0.000000000000000000e+00
6.450000000000000000e+01,1.071185000000000054e+00,8.698713409999999507e-03,4.983869949999999993e-01,0.000000000000000000e+00
6.459999999999999432e+01,1.071185000000000054e+00,8.698713409999999507e-03,4.983869949999999993e-01,0.000000000000000000e+00
6.470000000000000284e+01,1.071185000000000054e+00,8.698713409999999507e-03,4.983869949999999993e-01,0.000000000000000000e+00
6.479999999999999716e+01,1.071185000000000054e+00,8.698713409999999507e-03,4.983869949999999993e-01,0.000000000000000000e+00
6.490000000000000568e+01,1.071185000000000054e+00,8.698713409999999507e-03,4.983869949999999993e-01,0.000000000000000000e+00
6.500000000000000000e+01,1.071185000000000054e+00,8.698713409999999507e-03,4.983869949999999993e-01,0.000000000000000000e+00
6.509999999999999432e+01,1.071185000000000054e+00,8.698713409999999507e-03,4.983869949999999993e-01,0.000000000000000000e+00
6.520000000000000284e+01,1.071185000000000054e+00,8.698713409999999507e-03,4.983869949999999993e-01,0.000000000000000000e+00
6.529999999999999716e+01,1.071185000000000054e+00,8.698713409999999507e-03,4.983869949999999993e-01,0.000000000000000000e+00
6.540000000000000568e+01,1.071185000000000054e+00,8.698713409999999507e-03,4.983869949999999993e-01,0.000000000000000000e+00
6.550000000000000000e+01,1.071185000000000054e+00,8.698713409999999507e-03,4.983869949999999993e-01,0.000000000000000000e+00
6.559999999999999432e+01,1.071185000000000054e+00,8.698713409999999507e-03,4.983869949999999993e-01,0.000000000000000000e+00
6.570000000000000284e+01,1.071185000000000054e+00,8.698713409999999507e-03,4.983869949999999993e-01,0.000000000000000000e+00
6.579999999999999716e+01,1.071185000000000054e+00,8.698713409999999507e-03,4.983869949999999993e-01,0.000000000000000000e+00
6.590000000000000568e+01,1.071185000000000054e+00,8.698713409999999507e-03,4.983869949999999993e-01,0.000000000000000000e+00
6.600000000000000000e+01,1.071185000000000054e+00,8.698713409999999507e-03,4.983869949999999993e-01,0.000000000000000000e+00
6.609999999999999432e+01,1.071185000000000054e+00,8.698713409999999507e-03,4.983869949999999993e-01,0.000000000000000000e+00
6.620000000000000284e+01,1.071185000000000054e+00,8.698713409999999507e-03,4.983869949999999993e-01,0.000000000000000000e+00
6.629999999999999716e+01,1.071185000000000054e+00,8.698713409999999507e-03,4.983869949999999993e-01,0.000000000000000000e+00
6.640000000000000568e+01,1.071185000000000054e+00,8.698713409999999507e-03,4.983869949999999993e-01,0.000000000000000000e+00
6.650000000000000000e+01,1.071185000000000054e+00,8.698713409999999507e-03,4.983869949999999993e-01,0.000000000000000000e+00
6.659999999999999432e+01,1.071185000000000054e+00,8.698713409999999507e-03,4.983869949999999993e-01,0.000000000000000000e+00
6.670000000000000284e+01,1.071185000000000054e+00,8.698713409999999507e-03,4.983869949999999993e-01,0.000000000000000000e+00
6.679999999999999716e+01,1.071185000000000054e+00,8.698713409999999507e-03,4.983869949999999993e-01,0.000000000000000000e+00
6.690000000000000568e+01,1.071185000000000054e+00,8.698713409999999507e-03,4.983869949999999993e-01,0.000000000000000000e+00
6.700000000000000000e+01,1.071185000000000054e+00,8.698713409999999507e-03,4.983869949999999993e-01,0.000000000000000000e+00
6.709999999999999432e+01,1.071185000000000054e+00,8.698713409999999507e-03,4.983869949999999993e-01,0.000000000000000000e+00
6.720000000000000284e+01,1.071185000000000054e+00,8.698713409999999507e-03,4.983869949999999993e-01,0.000000000000000000e+00
6.729999999999999716e+01,1.071185000000000054e+00,8.698713409999999507e-03,4.983869949999999993e-01,0.000000000000000000e+00
6.740000000000000568e+01,1.071185000000000054e+00,8.698713409999999507e-03,4.983869949999999993e-01,0.000000000000000000e+00
6.750000000000000000e+01,1.071185000000000054e+00,8.698713409999999507e-03,4.983869949999999993e-01,0.000000000000000000e+00
6.759999999999999432e+01,1.071185000000000054e+00,8.698713409999999507e-03,4.983869949999999993e-01,0.000000000000000000e+00
6.770000000000000284e+01,1.071185000000000054e+00,8.698713409999999507e-03,4.983869949999999993e-01,0.000000000000000000e+00
6.779999999999999716e+01,1.071185000000000054e+00,8.698713409999999507e-03,4.983869949999999993e-01,0.000000000000000000e+00
6.790000000000000568e+01,1.071185000000000054e+00,8.698713409999999507e-03,4.983869949999999993e-01,0.000000000000000000e+00
6.800000000000000000e+01,1.071185000000000054e+00,8.698713409999999507e-03,4.983869949999999993e-01,0.000000000000000000e+00
6.809999999999999432e+01,1.071185000000000054e+00,8.698713409999999507e-03,4.983869949999999993e-01,0.000000000000000000e+00
6.820000000000000284e+01,1.071185000000000054e+00,8.698713409999999507e-03,4.983869949999999993e-01,0.000000000000000000e+00
6.829999999999999716e+01,1.071185000000000054e+00,8.698713409999999507e-03,4.983869949999999993e-01,0.000000000000000000e+00
6.840000000000000568e+01,1.071185000000000054e+00,8.698713409999999507e-03,4.983869949999999993e-01,0.000000000000000000e+00
6.850000000000000000e+01,1.071185000000000054e+00,8.698713409999999507e-03,4.983869949999999993e-01,0.000000000000000000e+00
6.859999999999999432e+01,1.071185000000000054e+00,8.698713409999999507e-03,4.983869949999999993e-01,0.000000000000000000e+00
6.870000000000000284e+01,1.071185000000000054e+00,8.698713409999999507e-03,4.983869949999999993e-01,0.000000000000000000e+00
6.879999999999999716e+01,1.071185000000000054e+00,8.698713409999999507e-03,4.983869949999999993e-01,0.000000000000000000e+00
6.890000000000000568e+01,1.071185000000000054e+00,8.698713409999999507e-03,4.983869949999999993e-01,0.000000000000000000e+00
6.900000000000000000e+01,1.071185000000000054e+00,8.698713409999999507e-03,4.983869949999999993e-01,0.000000000000000000e+00
6.909999999999999432e+01,1.071185000000000054e+00,8.698713409999999507e-03,4.983869949999999993e-01,0.000000000000000000e+00
6.920000000000000284e+01,1.071185000000000054e+00,8.698713409999999507e-03,4.983869949999999993e-01,0.000000000000000000e+00
6.929999999999999716e+01,1.071185000000000054e+00,8.698713409999999507e-03,4.983869949999999993e-01,0.000000000000000000e+00
6.940000000000000568e+01,1.071185000000000054e+00,8.698713409999999507e-03,4.983869949999999993e-01,0.000000000000000000e+00
6.950000000000000000e+01,1.071185000000000054e+00,8.698713409999999507e-03,4.983869949999999993e-01,0.000000000000000000e+00
6.959999999999999432e+01,1.071185000000000054e+00,8.698713409999999507e-03,4.983869949999999993e-01,0.000000000000000000e+00
6.970000000000000284e+01,1.071185000000000054e+00,8.698713409999999507e-03,4.983869949999999993e-01,0.000000000000000000e+00
6.979999999999999716e+01,1.071185000000000054e+00,8.698713409999999507e-03,4.983869949999999993e-01,0.000000000000000000e+00
6.990000000000000568e+01,1.071185000000000054e+00,8.698713409999999507e-03,4.983869949999999993e-01,0.000000000000000000e+00
7.000000000000000000e+01,1.071185000000000054e+00,8.698713409999999507e-03,4.983869949999999993e-01,0.000000000000000000e+00
7.009999999999999432e+01,1.071185000000000054e+00,8.698713409999999507e-03,4.983869949999999993e-01,0.000000000000000000e+00
7.020000000000000284e+01,1.071185000000000054e+00,8.698713409999999507e-03,4.983869949999999993e-01,0.000000000000000000e+00
7.029999999999999716e+01,1.071185000000000054e+00,8.698713409999999507e-03,4.983869949999999993e-01,0.000000000000000000e+00
7.040000000000000568e+01,1.071185000000000054e+00,8.698713409999999507e-03,4.983869949999999993e-01,0.000000000000000000e+00
7.050000000000000000e+01,1.071185000000000054e+00,8.698713409999999507e-03,4.983869949999999993e-01,0.000000000000000000e+00
7.059999999999999432e+01,1.071185000000000054e+00,8.698713409999999507e-03,4.983869949999999993e-01,0.000000000000000000e+00
7.070000000000000284e+01,1.071185000000000054e+00,8.698713409999999507e-03,4.983869949999999993e-01,0.000000000000000000e+00
7.079999999999999716e+01,1.071185000000000054e+00,8.698713409999999507e-03,4.983869949999999993e-01,0.000000000000000000e+00
7.090000000000000568e+01,1.071185000000000054e+00,8.698713409999999507e-03,4.983869949999999993e-01,0.000000000000000000e+00
7.100000000000000000e+01,1.071185000000000054e+00,8.698713409999999507e-03,4.983869949999999993e-01,0.000000000000000000e+00
7.109999999999999432e+01,1.071185000000000054e+00,8.698713409999999507e-03,4.983869949999999993e-01,0.000000000000000000e+00
7.120000000000000284e+01,1.071185000000000054e+00,8.698713409999999507e-03,4.983869949999999993e-01,0.000000000000000000e+00
7.129999999999999716e+01,1.071185000000000054e+00,8.698713409999999507e-03,4.983869949999999993e-01,0.000000000000000000e+00
7.140000000000000568e+01,1.071185000000000054e+00,8.698713409999999507e-03,4.983869949999999993e-01,0.000000000000000000e+00
7.150000000000000000e+01,1.071185000000000054e+00,8.698713409999999507e-03,4.983869949999999993e-01,0.000000000000000000e+00
7.159999999999999432e+01,1.071185000000000054e+00,8.698713409999999507e-03,4.983869949999999993e-01,0.000000000000000000e+00
7.170000000000000284e+01,1.071185000000000054e+00,8.698713409999999507e-03,4.983869949999999993e-01,0.000000000000000000e+00
7.179999999999999716e+01,1.071185000000000054e+00,8.698713409999999507e-03,4.983869949999999993e-01,0.000000000000000000e+00
7.190000000000000568e+01,1.071185000000000054e+00,8.698713409999999507e-03,4.983869949999999993e-01,0.000000000000000000e+00
7.200000000000000000e+01,1.071185000000000054e+00,8.698713409999999507e-03,4.983869949999999993e-01,0.000000000000000000e+00
7.209999999999999432e+01,1.071185000000000054e+00,8.698713409999999507e-03,4.983869949999999993e-01,0.000000000000000000e+00
7.220000000000000284e+01,1.071185000000000054e+00,8.698713409999999507e-03,4.983869949999999993e-01,0.000000000000000000e+00
7.229999999999999716e+01,1.071185000000000054e+00,8.698713409999999507e-03,4.983869949999999993e-01,0.000000000000000000e+00
7.240000000000000568e+01,1.071185000000000054e+00,8.698713409999999507e-03,4.983869949999999993e-01,0.000000000000000000e+00
7.250000000000000000e+01,1.071185000000000054e+00,8.698713409999999507e-03,4.983869949999999993e-01,0.000000000000000000e+00
7.259999999999999432e+01,1.071185000000000054e+00,8.698713409999999507e-03,4.983869949999999993e-01,0.000000000000000000e+00
7.270000000000000284e+01,1.071185000000000054e+00,8.698713409999999507e-03,4.983869949999999993e-01,0.000000000000000000e+00
7.279999999999999716e+01,1.071185000000000054e+00,8.698713409999999507e-03,4.983869949999999993e-01,0.000000000000000000e+00
7.290000000000000568e+01,1.071185000000000054e+00,8.698713409999999507e-03,4.983869949999999993e-01,0.000000000000000000e+00
7.300000000000000000e+01,1.071185000000000054e+00,8.698713409999999507e-03,4.983869949999999993e-01,0.000000000000000000e+00
7.309999999999999432e+01,1.071185000000000054e+00,8.698713409999999507e-03,4.983869949999999993e-01,0.000000000000000000e+00
7.320000000000000284e+01,1.071185000000000054e+00,8.698713409999999507e-03,4.983869949999999993e-01,0.000000000000000000e+00
7.329999999999999716e+01,1.071185000000000054e+00,8.698713409999999507e-03,4.983869949999999993e-01,0.000000000000000000e+00
7.340000000000000568e+01,1.071185000000000054e+00,8.698713409999999507e-03,4.983869949999999993e-01,0.000000000000000000e+00
7.350000000000000000e+01,1.071185000000000054e+00,8.698713409999999507e-03,4.983869949999999993e-01,0.000000000000000000e+00
7.359999999999999432e+01,1.071185000000000054e+00,8.698713409999999507e-03,4.983869949999999993e-01,0.000000000000000000e+00
7.370000000000000284e+01,1.071185000000000054e+00,8.698713409999999507e-03,4.983869949999999993e-01,0.000000000000000000e+00
7.379999999999999716e+01,1.071185000000000054e+00,8.698713409999999507e-03,4.983869949999999993e-01,0.000000000000000000e+00
7.390000000000000568e+01,1.071185000000000054e+00,8.698713409999999507e-03,4.983869949999999993e-01,0.000000000000000000e+00
7.400000000000000000e+01,1.071185000000000054e+00,8.698713409999999507e-03,4.983869949999999993e-01,0.000000000000000000e+00
7.409999999999999432e+01,1.071185000000000054e+00,8.698713409999999507e-03,4.983869949999999993e-01,0.000000000000000000e+00
7.420000000000000284e+01,1.071185000000000054e+00,8.698713409999999507e-03,4.983869949999999993e-01,0.000000000000000000e+00
7.429999999999999716e+01,1.071185000000000054e+00,8.698713409999999507e-03,4.983869949999999993e-01,0.000000000000000000e+00
7.440000000000000568e+01,1.071185000000000054e+00,8.698713409999999507e-03,4.983869949999999993e-01,0.000000000000000000e+00
7.450000000000000000e+01,1.071185000000000054e+00,8.698713409999999507e-03,4.983869949999999993e-01,0.000000000000000000e+00
7.459999999999999432e+01,1.071185000000000054e+00,8.698713409999999507e-03,4.983869949999999993e-01,0.000000000000000000e+00
7.470000000000000284e+01,1.071185000000000054e+00,8.698713409999999507e-03,4.983869949999999993e-01,0.000000000000000000e+00
7.479999999999999716e+01,1.071185000000000054e+00,8.698713409999999507e-03,4.983869949999999993e-01,0.000000000000000000e+00
7.490000000000000568e+01,1.071185000000000054e+00,8.698713409999999507e-03,4.983869949999999993e-01,0.000000000000000000e+00
7.500000000000000000e+01,1.071185000000000054e+00,8.698713409999999507e-03,4.983869949999999993e-01,0.000000000000000000e+00
7.509999999999999432e+01,1.071185000000000054e+00,8.698713409999999507e-03,4.983869949999999993e-01,0.000000000000000000e+00
7.520000000000000284e+01,1.071185000000000054e+00,8.698713409999999507e-03,4.983869949999999993e-01,0.000000000000000000e+00
7.529999999999999716e+01,1.071185000000000054e+00,8.698713409999999507e-03,4.983869949999999993e-01,0.000000000000000000e+00
7.540000000000000568e+01,1.071185000000000054e+00,8.698713409999999507e-03,4.983869949999999993e-01,0.000000000000000000e+00
7.550000000000000000e+01,1.071185000000000054e+00,8.698713409999999507e-03,4.983869949999999993e-01,0.000000000000000000e+00
7.559999999999999432e+01,1.071185000000000054e+00,8.698713409999999507e-03,4.983869949999999993e-01,0.000000000000000000e+00
7.570000000000000284e+01,1.071185000000000054e+00,8.698713409999999507e-03,4.983869949999999993e-01,0.000000000000000000e+00
7.579999999999999716e+01,1.071185000000000054e+00,8.698713409999999507e-03,4.983869949999999993e-01,0.000000000000000000e+00
7.590000000000000568e+01,1.071185000000000054e+00,8.698713409999999507e-03,4.983869949999999993e-01,0.000000000000000000e+00
7.600000000000000000e+01,1.071185000000000054e+00,8.698713409999999507e-03,4.983869949999999993e-01,0.000000000000000000e+00
7.609999999999999432e+01,1.071185000000000054e+00,8.698713409999999507e-03,4.983869949999999993e-01,0.000000000000000000e+00
7.620000000000000284e+01,1.071185000000000054e+00,8.698713409999999507e-03,4.983869949999999993e-01,0.000000000000000000e+00
7.629999999999999716e+01,1.071185000000000054e+00,8.698713409999999507e-03,4.983869949999999993e-01,0.000000000000000000e+00
7.640000000000000568e+01,1.071185000000000054e+00,8.698713409999999507e-03,4.983869949999999993e-01,0.000000000000000000e+00
7.650000000000000000e+01,1.071185000000000054e+00,8.698713409999999507e-03,4.983869949999999993e-01,0.000000000000000000e+00
7.659999999999999432e+01,1.071185000000000054e+00,8.698713409999999507e-03,4.983869949999999993e-01,0.000000000000000000e+00
7.670000000000000284e+01,1.071185000000000054e+00,8.698713409999999507e-03,4.983869949999999993e-01,0.000000000000000000e+00
7.679999999999999716e+01,1.071185000000000054e+00,8.698713409999999507e-03,4.983869949999999993e-01,0.000000000000000000e+00
7.690000000000000568e+01,1.071185000000000054e+00,8.698713409999999507e-03,4.983869949999999993e-01,0.000000000000000000e+00
7.700000000000000000e+01,1.071185000000000054e+00,8.698713409999999507e-03,4.983869949999999993e-01,0.000000000000000000e+00
7.709999999999999432e+01,1.071185000000000054e+00,8.698713409999999507e-03,4.983869949999999993e-01,0.000000000000000000e+00
7.720000000000000284e+01,1.071185000000000054e+00,8.698713409999999507e-03,4.983869949999999993e-01,0.000000000000000000e+00
7.729999999999999716e+01,1.071185000000000054e+00,8.698713409999999507e-03,4.983869949999999993e-01,0.000000000000000000e+00
7.740000000000000568e+01,1.071185000000000054e+00,8.698713409999999507e-03,4.983869949999999993e-01,0.000000000000000000e+00
7.750000000000000000e+01,1.071185000000000054e+00,8.698713409999999507e-03,4.983869949999999993e-01,0.000000000000000000e+00
7.759999999999999432e+01,1.071185000000000054e+00,8.698713409999999507e-03,4.983869949999999993e-01,0.000000000000000000e+00
7.770000000000000284e+01,1.071185000000000054e+00,8.698713409999999507e-03,4.983869949999999993e-01,0.000000000000000000e+00
7.779999999999999716e+01,1.071185000000000054e+00,8.698713409999999507e-03,4.983869949999999993e-01,0.000000000000000000e+00
7.790000000000000568e+01,1.071185000000000054e+00,8.698713409999999507e-03,4.983869949999999993e-01,0.000000000000000000e+00
7.800000000000000000e+01,1.071185000000000054e+00,8.698713409999999507e-03,4.983869949999999993e-01,0.000000000000000000e+00
7.809999999999999432e+01,1.071185000000000054e+00,8.698713409999999507e-03,4.983869949999999993e-01,0.000000000000000000e+00
7.820000000000000284e+01,1.071185000000000054e+00,8.698713409999999507e-03,4.983869949999999993e-01,0.000000000000000000e+00
7.829999999999999716e+01,1.071185000000000054e+00,8.698713409999999507e-03,4.983869949999999993e-01,0.000000000000000000e+00
7.840000000000000568e+01,1.071185000000000054e+00,8.698713409999999507e-03,4.983869949999999993e-01,0.000000000000000000e+00
7.850000000000000000e+01,1.071185000000000054e+00,8.698713409999999507e-03,4.983869949999999993e-01,0.000000000000000000e+00
7.859999999999999432e+01,1.071185000000000054e+00,8.698713409999999507e-03,4.983869949999999993e-01,0.000000000000000000e+00
7.870000000000000284e+01,1.071185000000000054e+00,8.698713409999999507e-03,4.983869949999999993e-01,0.000000000000000000e+00
7.879999999999999716e+01,1.071185000000000054e+00,8.698713409999999507e-03,4.983869949999999993e-01,0.000000000000000000e+00
7.890000000000000568e+01,1.071185000000000054e+00,8.698713409999999507e-03,4.983869949999999993e-01,0.000000000000000000e+00
7.900000000000000000e+01,1.071185000000000054e+00,8.698713409999999507e-03,4.983869949999999993e-01,0.000000000000000000e+00
7.909999999999999432e+01,1.071185000000000054e+00,8.698713409999999507e-03,4.983869949999999993e-01,0.000000000000000000e+00
7.920000000000000284e+01,1.071185000000000054e+00,8.698713409999999507e-03,4.983869949999999993e-01,0.000000000000000000e+00
7.929999999999999716e+01,1.071185000000000054e+00,8.698713409999999507e-03,4.983869949999999993e-01,0.000000000000000000e+00
7.940000000000000568e+01,1.071185000000000054e+00,8.698713409999999507e-03,4.983869949999999993e-01,0.000000000000000000e+00
7.950000000000000000e+01,1.071185000000000054e+00,8.698713409999999507e-03,4.983869949999999993e-01,0.000000000000000000e+00
7.959999999999999432e+01,1.071185000000000054e+00,8.698713409999999507e-03,4.983869949999999993e-01,0.000000000000000000e+00
7.970000000000000284e+01,1.071185000000000054e+00,8.698713409999999507e-03,4.983869949999999993e-01,0.000000000000000000e+00
7.979999999999999716e+01,1.071185000000000054e+00,8.698713409999999507e-03,4.983869949999999993e-01,0.000000000000000000e+00
7.990000000000000568e+01,1.071185000000000054e+00,8.698713409999999507e-03,4.983869949999999993e-01,0.000000000000000000e+00
8.000000000000000000e+01,1.071185000000000054e+00,8.698713409999999507e-03,4.983869949999999993e-01,0.000000000000000000e+00
